
255.0, 0.0, 0.0, 1625700575.2447844
255.0, 0.0, 0.0, 1625700575.7329156
255.0, 0.0, 0.0, 1625700575.8348775
255.0, 0.0, 0.0, 1625700575.9371188
255.0, 0.0, 0.0, 1625700576.0393076
255.0, 0.0, 0.0, 1625700576.1415918
255.0, 0.0, 0.0, 1625700576.243911
255.0, 0.0, 0.0, 1625700576.3456826
255.0, 0.0, 0.0, 1625700576.4474916
255.0, 0.0, 0.0, 1625700576.5499003
255.0, 0.0, 0.0, 1625700576.6518044
255.0, 0.0, 0.0, 1625700576.7536817
255.0, 0.0, 0.0, 1625700576.8558939
255.0, 0.0, 0.0, 1625700576.9575522
255.0, 0.0, 0.0, 1625700577.059734
255.0, 0.0, 0.0, 1625700577.1618211
255.0, 0.0, 0.0, 1625700577.264115
255.0, 0.0, 0.0, 1625700577.3660293
255.0, 0.0, 0.0, 1625700577.4680502
255.0, 0.0, 0.0, 1625700577.5703514
255.0, 0.0, 0.0, 1625700577.672637
255.0, 0.0, 0.0, 1625700577.774784
255.0, 0.0, 0.0, 1625700577.8776789
255.0, 0.0, 0.0, 1625700577.979413
255.0, 0.0, 0.0, 1625700578.081693
255.0, 0.0, 0.0, 1625700578.1837037
255.0, 0.0, 0.0, 1625700578.2856326
255.0, 0.0, 0.0, 1625700578.3880746
255.0, 0.0, 0.0, 1625700578.4901156
255.0, 0.0, 0.0, 1625700578.5920305
255.0, 0.0, 0.0, 1625700578.6941907
255.0, 0.0, 0.0, 1625700578.797313
255.0, 0.0, 0.0, 1625700578.9004827
255.0, 0.0, 0.0, 1625700579.0024474
255.0, 0.0, 0.0, 1625700579.104354
255.0, 0.0, 0.0, 1625700579.2064404
255.0, 0.0, 0.0, 1625700579.3087845
255.0, 0.0, 0.0, 1625700579.4106777
255.0, 0.0, 0.0, 1625700579.513681
255.0, 0.0, 0.0, 1625700579.616556
255.0, 0.0, 0.0, 1625700579.718508
255.0, 0.0, 0.0, 1625700579.8205545
0.0, 0.0, 255.0, 1625700591.613538
0.0, 0.0, 255.0, 1625700592.062074
0.0, 0.0, 255.0, 1625700592.164156
0.0, 0.0, 255.0, 1625700592.2664418
0.0, 0.0, 255.0, 1625700592.369872
0.0, 0.0, 255.0, 1625700592.473557
0.0, 0.0, 255.0, 1625700592.5760825
0.0, 0.0, 255.0, 1625700592.678123
0.0, 0.0, 255.0, 1625700592.7803216
0.0, 0.0, 255.0, 1625700592.882465
0.0, 0.0, 255.0, 1625700592.9846654
0.0, 0.0, 255.0, 1625700593.0867345
0.0, 0.0, 255.0, 1625700593.1888874
0.0, 0.0, 255.0, 1625700593.2913537
0.0, 0.0, 255.0, 1625700593.3936002
0.0, 0.0, 255.0, 1625700593.4960968
0.0, 0.0, 255.0, 1625700593.5982494
0.0, 0.0, 255.0, 1625700593.701631
0.0, 0.0, 255.0, 1625700593.804106
0.0, 0.0, 255.0, 1625700593.905969
0.0, 0.0, 255.0, 1625700594.008062
0.0, 0.0, 255.0, 1625700594.1100492
0.0, 0.0, 255.0, 1625700594.2123432
0.0, 0.0, 255.0, 1625700594.3145783
0.0, 0.0, 255.0, 1625700594.4170785
0.0, 0.0, 255.0, 1625700594.5196817
0.0, 0.0, 255.0, 1625700594.621932
0.0, 0.0, 255.0, 1625700594.7236736
0.0, 0.0, 255.0, 1625700594.8257678
0.0, 0.0, 255.0, 1625700594.9279602
0.0, 0.0, 255.0, 1625700595.0300102
0.0, 0.0, 255.0, 1625700595.1317005
0.0, 0.0, 255.0, 1625700595.2336
0.0, 0.0, 255.0, 1625700595.3358564
0.0, 0.0, 255.0, 1625700595.4380958
0.0, 0.0, 255.0, 1625700595.5403688
0.0, 0.0, 255.0, 1625700595.642949
255.0, 255.0, 0.0, 1625700607.9627662
255.0, 255.0, 0.0, 1625700608.4418795
255.0, 255.0, 0.0, 1625700608.5443726
255.0, 255.0, 0.0, 1625700608.648042
255.0, 255.0, 0.0, 1625700608.7499726
255.0, 255.0, 0.0, 1625700608.8521602
255.0, 255.0, 0.0, 1625700608.9540606
255.0, 255.0, 0.0, 1625700609.056086
255.0, 255.0, 0.0, 1625700609.1580596
255.0, 255.0, 0.0, 1625700609.2606533
255.0, 255.0, 0.0, 1625700609.3627796
255.0, 255.0, 0.0, 1625700609.4645975
255.0, 255.0, 0.0, 1625700609.5668347
255.0, 255.0, 0.0, 1625700609.670168
255.0, 255.0, 0.0, 1625700609.7726154
255.0, 255.0, 0.0, 1625700609.8744261
255.0, 255.0, 0.0, 1625700609.9765851
255.0, 255.0, 0.0, 1625700610.0783556
255.0, 255.0, 0.0, 1625700610.1812284
255.0, 255.0, 0.0, 1625700610.2837489
255.0, 255.0, 0.0, 1625700610.3860338
255.0, 255.0, 0.0, 1625700610.4882355
255.0, 255.0, 0.0, 1625700610.5903287
255.0, 255.0, 0.0, 1625700610.692221
255.0, 255.0, 0.0, 1625700610.7943163
255.0, 255.0, 0.0, 1625700610.89643
255.0, 255.0, 0.0, 1625700610.9987776
255.0, 255.0, 0.0, 1625700611.1009405
255.0, 255.0, 0.0, 1625700611.203068
255.0, 255.0, 0.0, 1625700611.3052764
255.0, 255.0, 0.0, 1625700611.407541
255.0, 255.0, 0.0, 1625700611.5097203
255.0, 255.0, 0.0, 1625700611.6116712
255.0, 255.0, 0.0, 1625700611.713668
255.0, 255.0, 0.0, 1625700611.815782
255.0, 255.0, 0.0, 1625700611.9180782
255.0, 255.0, 0.0, 1625700612.0205774
255.0, 255.0, 0.0, 1625700612.1228945
254.99999999999997, 84.9198113207547, 0.0, 1625700707.9176357
254.99999999999997, 84.9198113207547, 0.0, 1625700708.3742173
254.99999999999997, 84.9198113207547, 0.0, 1625700708.476595
254.99999999999997, 84.9198113207547, 0.0, 1625700708.5789928
254.99999999999997, 84.9198113207547, 0.0, 1625700708.6811814
254.99999999999997, 84.9198113207547, 0.0, 1625700708.7838569
254.99999999999997, 84.9198113207547, 0.0, 1625700708.8859632
254.99999999999997, 84.9198113207547, 0.0, 1625700708.9877589
254.99999999999997, 84.9198113207547, 0.0, 1625700709.0912826
254.99999999999997, 84.9198113207547, 0.0, 1625700709.194833
254.99999999999997, 84.9198113207547, 0.0, 1625700709.2973514
254.99999999999997, 84.9198113207547, 0.0, 1625700709.4006526
254.99999999999997, 84.9198113207547, 0.0, 1625700709.5042691
254.99999999999997, 84.9198113207547, 0.0, 1625700709.606469
254.99999999999997, 84.9198113207547, 0.0, 1625700709.7087667
254.99999999999997, 84.9198113207547, 0.0, 1625700709.8113854
254.99999999999997, 84.9198113207547, 0.0, 1625700709.913635
254.99999999999997, 84.9198113207547, 0.0, 1625700710.015953
254.99999999999997, 84.9198113207547, 0.0, 1625700710.1184783
254.99999999999997, 84.9198113207547, 0.0, 1625700710.2205849
254.99999999999997, 84.9198113207547, 0.0, 1625700710.3226326
254.99999999999997, 84.9198113207547, 0.0, 1625700710.4250169
254.99999999999997, 84.9198113207547, 0.0, 1625700710.5270638
254.99999999999997, 84.9198113207547, 0.0, 1625700710.6291645
254.99999999999997, 84.9198113207547, 0.0, 1625700710.7315135
254.99999999999997, 84.9198113207547, 0.0, 1625700710.8349168
254.99999999999997, 84.9198113207547, 0.0, 1625700710.9368033
254.99999999999997, 84.9198113207547, 0.0, 1625700711.0386686
254.99999999999997, 84.9198113207547, 0.0, 1625700711.141286
254.99999999999997, 84.9198113207547, 0.0, 1625700711.2438357
254.99999999999997, 84.9198113207547, 0.0, 1625758194.4065578
254.99999999999997, 84.9198113207547, 0.0, 1625758195.2012544
254.99999999999997, 84.9198113207547, 0.0, 1625758195.3052735
254.99999999999997, 84.9198113207547, 0.0, 1625758195.4090185
254.99999999999997, 84.9198113207547, 0.0, 1625758195.512015
254.99999999999997, 84.9198113207547, 0.0, 1625758195.6151035
254.99999999999997, 84.9198113207547, 0.0, 1625758195.7189553
254.99999999999997, 84.9198113207547, 0.0, 1625758195.8252883
254.99999999999997, 84.9198113207547, 0.0, 1625758195.9287753
254.99999999999997, 84.9198113207547, 0.0, 1625758196.0325432
254.99999999999997, 84.9198113207547, 0.0, 1625758196.1364906
254.99999999999997, 84.9198113207547, 0.0, 1625758196.2399118
254.99999999999997, 84.9198113207547, 0.0, 1625758196.3447452
254.99999999999997, 84.9198113207547, 0.0, 1625758196.4490523
254.99999999999997, 84.9198113207547, 0.0, 1625758196.5531597
254.99999999999997, 84.9198113207547, 0.0, 1625758196.6565719
254.99999999999997, 84.9198113207547, 0.0, 1625758196.7595332
254.99999999999997, 84.9198113207547, 0.0, 1625758196.864013
254.99999999999997, 84.9198113207547, 0.0, 1625758196.9687672
254.99999999999997, 84.9198113207547, 0.0, 1625758197.0722528
254.99999999999997, 84.9198113207547, 0.0, 1625758197.1755087
254.99999999999997, 84.9198113207547, 0.0, 1625758197.2793682
254.99999999999997, 84.9198113207547, 0.0, 1625758197.3827255
254.99999999999997, 84.9198113207547, 0.0, 1625758197.4869888
254.99999999999997, 84.9198113207547, 0.0, 1625758197.5905502
254.99999999999997, 84.9198113207547, 0.0, 1625758197.6937532
254.99999999999997, 84.9198113207547, 0.0, 1625758197.7972858
254.99999999999997, 84.9198113207547, 0.0, 1625758197.900959
254.99999999999997, 84.9198113207547, 0.0, 1625758198.0050683
254.99999999999997, 84.9198113207547, 0.0, 1625758198.1095803
254.99999999999997, 84.9198113207547, 0.0, 1625758198.2130709
254.99999999999997, 84.9198113207547, 0.0, 1625758198.3175836
254.99999999999997, 84.9198113207547, 0.0, 1625758198.4219384
254.99999999999997, 84.9198113207547, 0.0, 1625758198.5259154
254.99999999999997, 84.9198113207547, 0.0, 1625758198.6305735
254.99999999999997, 84.9198113207547, 0.0, 1625758198.7338893
254.99999999999997, 84.9198113207547, 0.0, 1625758198.840319
254.99999999999997, 84.9198113207547, 0.0, 1625758198.944341
254.99999999999997, 84.9198113207547, 0.0, 1625758199.0475905
254.99999999999997, 84.9198113207547, 0.0, 1625758199.150328
254.99999999999997, 84.9198113207547, 0.0, 1625758199.2541444
254.99999999999997, 84.9198113207547, 0.0, 1625758199.3574517
254.99999999999997, 84.9198113207547, 0.0, 1625758199.4611855
254.99999999999997, 84.9198113207547, 0.0, 1625758199.5648735
254.99999999999997, 84.9198113207547, 0.0, 1625758199.667799
254.99999999999997, 84.9198113207547, 0.0, 1625758199.7709343
254.99999999999997, 84.9198113207547, 0.0, 1625758199.874344
254.99999999999997, 84.9198113207547, 0.0, 1625758199.9787703
254.99999999999997, 84.9198113207547, 0.0, 1625758200.0819132
254.99999999999997, 84.9198113207547, 0.0, 1625758200.185048
254.99999999999997, 84.9198113207547, 0.0, 1625758200.2888691
254.99999999999997, 84.9198113207547, 0.0, 1625758200.392485
254.99999999999997, 84.9198113207547, 0.0, 1625758200.4978745
254.99999999999997, 84.9198113207547, 0.0, 1625758200.6013308
254.99999999999997, 84.9198113207547, 0.0, 1625758200.7054114
254.99999999999997, 84.9198113207547, 0.0, 1625758200.8086617
254.99999999999997, 84.9198113207547, 0.0, 1625758200.9125283
254.99999999999997, 84.9198113207547, 0.0, 1625758201.017435
254.99999999999997, 84.9198113207547, 0.0, 1625758201.1209807
254.99999999999997, 84.9198113207547, 0.0, 1625758201.2247996
254.99999999999997, 84.9198113207547, 0.0, 1625758201.329582
254.99999999999997, 84.9198113207547, 0.0, 1625758201.434115
254.99999999999997, 84.9198113207547, 0.0, 1625758201.5387397
254.99999999999997, 84.9198113207547, 0.0, 1625758201.6424901
254.99999999999997, 84.9198113207547, 0.0, 1625758201.7470007
254.99999999999997, 84.9198113207547, 0.0, 1625758201.8507338
254.99999999999997, 84.9198113207547, 0.0, 1625758201.954498
254.99999999999997, 84.9198113207547, 0.0, 1625758202.0599132
254.99999999999997, 84.9198113207547, 0.0, 1625758202.1629443
254.99999999999997, 84.9198113207547, 0.0, 1625758202.2665122
254.99999999999997, 84.9198113207547, 0.0, 1625758202.369519
254.99999999999997, 84.9198113207547, 0.0, 1625758202.4727278
254.99999999999997, 84.9198113207547, 0.0, 1625758202.5757554
254.99999999999997, 84.9198113207547, 0.0, 1625758202.6795242
254.99999999999997, 84.9198113207547, 0.0, 1625758202.7822928
254.99999999999997, 84.9198113207547, 0.0, 1625758202.886133
254.99999999999997, 84.9198113207547, 0.0, 1625758202.9899647
254.99999999999997, 84.9198113207547, 0.0, 1625758203.0943499
254.99999999999997, 84.9198113207547, 0.0, 1625758203.1980639
254.99999999999997, 84.9198113207547, 0.0, 1625758203.3016696
254.99999999999997, 84.9198113207547, 0.0, 1625758203.405521
254.99999999999997, 84.9198113207547, 0.0, 1625758203.509336
254.99999999999997, 84.9198113207547, 0.0, 1625758203.6125035
254.99999999999997, 84.9198113207547, 0.0, 1625758203.716618
254.99999999999997, 84.9198113207547, 0.0, 1625758203.820312
254.99999999999997, 84.9198113207547, 0.0, 1625758203.9240735
254.99999999999997, 84.9198113207547, 0.0, 1625758204.0281684
254.99999999999997, 84.9198113207547, 0.0, 1625758204.1318474
254.99999999999997, 84.9198113207547, 0.0, 1625758204.2361562
254.99999999999997, 84.9198113207547, 0.0, 1625758204.3406549
254.99999999999997, 84.9198113207547, 0.0, 1625758204.4447339
254.99999999999997, 84.9198113207547, 0.0, 1625758204.548204
254.99999999999997, 84.9198113207547, 0.0, 1625758204.652884
254.99999999999997, 84.9198113207547, 0.0, 1625758204.7583406
254.99999999999997, 84.9198113207547, 0.0, 1625758204.8621297
254.99999999999997, 84.9198113207547, 0.0, 1625758204.966421
254.99999999999997, 84.9198113207547, 0.0, 1625758205.0698493
254.99999999999997, 84.9198113207547, 0.0, 1625758205.1734886
254.99999999999997, 84.9198113207547, 0.0, 1625758205.2768013
254.99999999999997, 84.9198113207547, 0.0, 1625758205.3805306
254.99999999999997, 84.9198113207547, 0.0, 1625758205.484016
254.99999999999997, 84.9198113207547, 0.0, 1625758205.587695
254.99999999999997, 84.9198113207547, 0.0, 1625758205.690941
254.99999999999997, 84.9198113207547, 0.0, 1625758205.7942507
254.99999999999997, 84.9198113207547, 0.0, 1625758205.8990016
254.99999999999997, 84.9198113207547, 0.0, 1625758206.002667
254.99999999999997, 84.9198113207547, 0.0, 1625758206.1064825
254.99999999999997, 84.9198113207547, 0.0, 1625758206.2108178
254.99999999999997, 84.9198113207547, 0.0, 1625758206.3142357
254.99999999999997, 84.9198113207547, 0.0, 1625758206.4173932
254.99999999999997, 84.9198113207547, 0.0, 1625758206.5211976
254.99999999999997, 84.9198113207547, 0.0, 1625758206.6252444
254.99999999999997, 84.9198113207547, 0.0, 1625758206.7291656
254.99999999999997, 84.9198113207547, 0.0, 1625758206.832754
254.99999999999997, 84.9198113207547, 0.0, 1625758206.936678
254.99999999999997, 84.9198113207547, 0.0, 1625758207.0400627
254.99999999999997, 84.9198113207547, 0.0, 1625758207.143401
254.99999999999997, 84.9198113207547, 0.0, 1625758207.247453
254.99999999999997, 84.9198113207547, 0.0, 1625758207.3509073
254.99999999999997, 84.9198113207547, 0.0, 1625758207.4556487
254.99999999999997, 84.9198113207547, 0.0, 1625758207.5594301
254.99999999999997, 84.9198113207547, 0.0, 1625758207.6630747
254.99999999999997, 84.9198113207547, 0.0, 1625758207.7660134
254.99999999999997, 84.9198113207547, 0.0, 1625758207.8696663
254.99999999999997, 84.9198113207547, 0.0, 1625758207.973015
254.99999999999997, 84.9198113207547, 0.0, 1625758208.0771422
254.99999999999997, 84.9198113207547, 0.0, 1625758208.1806507
254.99999999999997, 84.9198113207547, 0.0, 1625758208.283661
254.99999999999997, 84.9198113207547, 0.0, 1625758208.38747
254.99999999999997, 84.9198113207547, 0.0, 1625758208.4916348
254.99999999999997, 84.9198113207547, 0.0, 1625758208.5952263
254.99999999999997, 84.9198113207547, 0.0, 1625758208.6984413
254.99999999999997, 84.9198113207547, 0.0, 1625758208.801248
254.99999999999997, 84.9198113207547, 0.0, 1625758208.9046361
254.99999999999997, 84.9198113207547, 0.0, 1625758209.0085936
254.99999999999997, 84.9198113207547, 0.0, 1625758209.1124759
254.99999999999997, 84.9198113207547, 0.0, 1625758209.2156444
254.99999999999997, 84.9198113207547, 0.0, 1625758209.3184912
254.99999999999997, 84.9198113207547, 0.0, 1625758209.4219558
254.99999999999997, 84.9198113207547, 0.0, 1625758209.5253112
254.99999999999997, 84.9198113207547, 0.0, 1625758209.6293442
254.99999999999997, 84.9198113207547, 0.0, 1625758209.7324574
254.99999999999997, 84.9198113207547, 0.0, 1625758209.8359938
254.99999999999997, 84.9198113207547, 0.0, 1625758209.941356
254.99999999999997, 84.9198113207547, 0.0, 1625758210.0450583
254.99999999999997, 84.9198113207547, 0.0, 1625758210.1491594
254.99999999999997, 84.9198113207547, 0.0, 1625758210.2526584
254.99999999999997, 84.9198113207547, 0.0, 1625758210.355952
254.99999999999997, 84.9198113207547, 0.0, 1625758210.4598382
254.99999999999997, 84.9198113207547, 0.0, 1625758210.563144
254.99999999999997, 84.9198113207547, 0.0, 1625758210.667104
254.99999999999997, 84.9198113207547, 0.0, 1625758210.7698674
254.99999999999997, 84.9198113207547, 0.0, 1625758210.8727193
254.99999999999997, 84.9198113207547, 0.0, 1625758210.9768922
254.99999999999997, 84.9198113207547, 0.0, 1625758211.0803971
254.99999999999997, 84.9198113207547, 0.0, 1625758211.1838136
254.99999999999997, 84.9198113207547, 0.0, 1625758211.287047
254.99999999999997, 84.9198113207547, 0.0, 1625758211.39004
254.99999999999997, 84.9198113207547, 0.0, 1625758211.4933436
254.99999999999997, 84.9198113207547, 0.0, 1625758211.597636
254.99999999999997, 84.9198113207547, 0.0, 1625758211.700879
254.99999999999997, 84.9198113207547, 0.0, 1625758211.8048255
254.99999999999997, 84.9198113207547, 0.0, 1625758211.9082792
254.99999999999997, 84.9198113207547, 0.0, 1625758212.0119748
254.99999999999997, 84.9198113207547, 0.0, 1625758212.1150763
254.99999999999997, 84.9198113207547, 0.0, 1625758212.2178638
254.99999999999997, 84.9198113207547, 0.0, 1625758212.3214402
254.99999999999997, 84.9198113207547, 0.0, 1625758212.4249465
254.99999999999997, 84.9198113207547, 0.0, 1625758212.5281549
254.99999999999997, 84.9198113207547, 0.0, 1625758212.631465
254.99999999999997, 84.9198113207547, 0.0, 1625758212.7343516
254.99999999999997, 84.9198113207547, 0.0, 1625758212.8376374
254.99999999999997, 84.9198113207547, 0.0, 1625758212.9416928
254.99999999999997, 84.9198113207547, 0.0, 1625758213.0449822
254.99999999999997, 84.9198113207547, 0.0, 1625758213.148053
254.99999999999997, 84.9198113207547, 0.0, 1625758213.2510407
254.99999999999997, 84.9198113207547, 0.0, 1625758213.3549607
254.99999999999997, 84.9198113207547, 0.0, 1625758213.4589603
254.99999999999997, 84.9198113207547, 0.0, 1625758213.5638876
254.99999999999997, 84.9198113207547, 0.0, 1625758213.6676052
254.99999999999997, 84.9198113207547, 0.0, 1625758341.1097064
254.99999999999997, 84.9198113207547, 0.0, 1625758341.6836674
254.99999999999997, 84.9198113207547, 0.0, 1625758341.7868588
254.99999999999997, 84.9198113207547, 0.0, 1625758341.8905954
254.99999999999997, 84.9198113207547, 0.0, 1625758341.9934883
254.99999999999997, 84.9198113207547, 0.0, 1625758342.0960994
254.99999999999997, 84.9198113207547, 0.0, 1625758342.199044
254.99999999999997, 84.9198113207547, 0.0, 1625758342.3017273
254.99999999999997, 84.9198113207547, 0.0, 1625758342.4040766
254.99999999999997, 84.9198113207547, 0.0, 1625758342.5073795
254.99999999999997, 84.9198113207547, 0.0, 1625758342.6105688
254.99999999999997, 84.9198113207547, 0.0, 1625758342.7133024
254.99999999999997, 84.9198113207547, 0.0, 1625758342.8165703
254.99999999999997, 84.9198113207547, 0.0, 1625758342.9194546
254.99999999999997, 84.9198113207547, 0.0, 1625758343.022197
254.99999999999997, 84.9198113207547, 0.0, 1625758343.1246808
254.99999999999997, 84.9198113207547, 0.0, 1625758343.227692
254.99999999999997, 84.9198113207547, 0.0, 1625758343.3309498
254.99999999999997, 84.9198113207547, 0.0, 1625758343.4337764
254.99999999999997, 84.9198113207547, 0.0, 1625758343.537218
254.99999999999997, 84.9198113207547, 0.0, 1625758343.640442
254.99999999999997, 84.9198113207547, 0.0, 1625758343.7434113
254.99999999999997, 84.9198113207547, 0.0, 1625758343.846219
254.99999999999997, 84.9198113207547, 0.0, 1625758343.9493687
254.99999999999997, 84.9198113207547, 0.0, 1625758344.0526223
254.99999999999997, 84.9198113207547, 0.0, 1625758344.155298
254.99999999999997, 84.9198113207547, 0.0, 1625758344.2583113
254.99999999999997, 84.9198113207547, 0.0, 1625758344.3612418
254.99999999999997, 84.9198113207547, 0.0, 1625758344.4638715
254.99999999999997, 84.9198113207547, 0.0, 1625758344.5673556
254.99999999999997, 84.9198113207547, 0.0, 1625758344.6705492
254.99999999999997, 84.9198113207547, 0.0, 1625758344.773585
254.99999999999997, 84.9198113207547, 0.0, 1625758344.8767014
254.99999999999997, 84.9198113207547, 0.0, 1625758344.9792957
254.99999999999997, 84.9198113207547, 0.0, 1625758345.0820425
254.99999999999997, 84.9198113207547, 0.0, 1625758345.1849232
254.99999999999997, 84.9198113207547, 0.0, 1625758345.287378
254.99999999999997, 84.9198113207547, 0.0, 1625758345.390281
254.99999999999997, 84.9198113207547, 0.0, 1625758345.4928534
254.99999999999997, 84.9198113207547, 0.0, 1625758345.596234
254.99999999999997, 84.9198113207547, 0.0, 1625758345.6990192
254.99999999999997, 84.9198113207547, 0.0, 1625758345.8013887
254.99999999999997, 84.9198113207547, 0.0, 1625758345.904029
254.99999999999997, 84.9198113207547, 0.0, 1625758346.0075197
254.99999999999997, 84.9198113207547, 0.0, 1625758346.1105332
254.99999999999997, 84.9198113207547, 0.0, 1625758346.213432
254.99999999999997, 84.9198113207547, 0.0, 1625758346.3173015
254.99999999999997, 84.9198113207547, 0.0, 1625758346.420337
254.99999999999997, 84.9198113207547, 0.0, 1625758346.5230186
254.99999999999997, 84.9198113207547, 0.0, 1625758346.6259587
254.99999999999997, 84.9198113207547, 0.0, 1625758346.7288103
254.99999999999997, 84.9198113207547, 0.0, 1625758346.8375273
254.99999999999997, 84.9198113207547, 0.0, 1625758346.940869
254.99999999999997, 84.9198113207547, 0.0, 1625758347.0439272
254.99999999999997, 84.9198113207547, 0.0, 1625758347.1464875
254.99999999999997, 84.9198113207547, 0.0, 1625758347.249312
254.99999999999997, 84.9198113207547, 0.0, 1625758347.352636
254.99999999999997, 84.9198113207547, 0.0, 1625758347.4555707
254.99999999999997, 84.9198113207547, 0.0, 1625758347.55865
254.99999999999997, 84.9198113207547, 0.0, 1625758347.6616726
254.99999999999997, 84.9198113207547, 0.0, 1625758347.7654507
254.99999999999997, 84.9198113207547, 0.0, 1625758347.8692052
254.99999999999997, 84.9198113207547, 0.0, 1625758347.9725828
254.99999999999997, 84.9198113207547, 0.0, 1625758348.0763543
254.99999999999997, 84.9198113207547, 0.0, 1625758348.1803327
254.99999999999997, 84.9198113207547, 0.0, 1625758348.284385
254.99999999999997, 84.9198113207547, 0.0, 1625758348.387237
254.99999999999997, 84.9198113207547, 0.0, 1625758348.4913473
254.99999999999997, 84.9198113207547, 0.0, 1625758348.596295
254.99999999999997, 84.9198113207547, 0.0, 1625758348.701903
254.99999999999997, 84.9198113207547, 0.0, 1625758348.8052788
254.99999999999997, 84.9198113207547, 0.0, 1625758348.9088798
254.99999999999997, 84.9198113207547, 0.0, 1625758349.0123978
254.99999999999997, 84.9198113207547, 0.0, 1625758349.1158838
254.99999999999997, 84.9198113207547, 0.0, 1625758349.2194707
254.99999999999997, 84.9198113207547, 0.0, 1625758349.3237598
254.99999999999997, 84.9198113207547, 0.0, 1625758349.4285517
254.99999999999997, 84.9198113207547, 0.0, 1625758349.532383
254.99999999999997, 84.9198113207547, 0.0, 1625758349.6370237
254.99999999999997, 84.9198113207547, 0.0, 1625758349.7407312
254.99999999999997, 84.9198113207547, 0.0, 1625758349.8441563
254.99999999999997, 84.9198113207547, 0.0, 1625758349.947223
254.99999999999997, 84.9198113207547, 0.0, 1625758350.0505607
254.99999999999997, 84.9198113207547, 0.0, 1625758350.1556904
254.99999999999997, 84.9198113207547, 0.0, 1625758350.2596006
254.99999999999997, 84.9198113207547, 0.0, 1625758350.3642626
254.99999999999997, 84.9198113207547, 0.0, 1625758350.4684644
254.99999999999997, 84.9198113207547, 0.0, 1625758350.5721457
254.99999999999997, 84.9198113207547, 0.0, 1625758350.6758242
254.99999999999997, 84.9198113207547, 0.0, 1625758350.7797036
254.99999999999997, 84.9198113207547, 0.0, 1625758350.884029
254.99999999999997, 84.9198113207547, 0.0, 1625758350.987926
254.99999999999997, 84.9198113207547, 0.0, 1625758351.091673
254.99999999999997, 84.9198113207547, 0.0, 1625758351.1954014
254.99999999999997, 84.9198113207547, 0.0, 1625758351.2990496
254.99999999999997, 84.9198113207547, 0.0, 1625758351.4025807
254.99999999999997, 84.9198113207547, 0.0, 1625758351.506394
254.99999999999997, 84.9198113207547, 0.0, 1625758351.6097627
254.99999999999997, 84.9198113207547, 0.0, 1625758351.7130892
254.99999999999997, 84.9198113207547, 0.0, 1625758351.8166654
254.99999999999997, 84.9198113207547, 0.0, 1625758351.9212449
254.99999999999997, 84.9198113207547, 0.0, 1625758352.0252626
254.99999999999997, 84.9198113207547, 0.0, 1625758352.1284595
254.99999999999997, 84.9198113207547, 0.0, 1625758352.2317414
254.99999999999997, 84.9198113207547, 0.0, 1625758352.3350394
254.99999999999997, 84.9198113207547, 0.0, 1625758352.438999
254.99999999999997, 84.9198113207547, 0.0, 1625758352.543435
254.99999999999997, 84.9198113207547, 0.0, 1625758352.6476853
254.99999999999997, 84.9198113207547, 0.0, 1625758352.7511733
254.99999999999997, 84.9198113207547, 0.0, 1625758352.854194
254.99999999999997, 84.9198113207547, 0.0, 1625758352.9571745
254.99999999999997, 84.9198113207547, 0.0, 1625758353.060139
254.99999999999997, 84.9198113207547, 0.0, 1625758353.1631825
254.99999999999997, 84.9198113207547, 0.0, 1625758353.2665553
254.99999999999997, 84.9198113207547, 0.0, 1625758353.3702312
254.99999999999997, 84.9198113207547, 0.0, 1625758353.4738777
254.99999999999997, 84.9198113207547, 0.0, 1625758353.5772386
254.99999999999997, 84.9198113207547, 0.0, 1625758353.6801772
254.99999999999997, 84.9198113207547, 0.0, 1625758353.7849586
254.99999999999997, 84.9198113207547, 0.0, 1625758353.8897161
254.99999999999997, 84.9198113207547, 0.0, 1625758353.992907
254.99999999999997, 84.9198113207547, 0.0, 1625758354.0967057
254.99999999999997, 84.9198113207547, 0.0, 1625758354.2012203
254.99999999999997, 84.9198113207547, 0.0, 1625758354.3043077
254.99999999999997, 84.9198113207547, 0.0, 1625758354.4075067
254.99999999999997, 84.9198113207547, 0.0, 1625758354.5102239
254.99999999999997, 84.9198113207547, 0.0, 1625758354.6129904
254.99999999999997, 84.9198113207547, 0.0, 1625758354.7169778
254.99999999999997, 84.9198113207547, 0.0, 1625758354.8201478
254.99999999999997, 84.9198113207547, 0.0, 1625758354.9236279
254.99999999999997, 84.9198113207547, 0.0, 1625758355.027428
254.99999999999997, 84.9198113207547, 0.0, 1625758355.1318252
254.99999999999997, 84.9198113207547, 0.0, 1625758355.2351964
254.99999999999997, 84.9198113207547, 0.0, 1625758355.3389752
254.99999999999997, 84.9198113207547, 0.0, 1625758355.4429252
254.99999999999997, 84.9198113207547, 0.0, 1625758355.5467587
254.99999999999997, 84.9198113207547, 0.0, 1625758355.6505425
254.99999999999997, 84.9198113207547, 0.0, 1625758355.754387
254.99999999999997, 84.9198113207547, 0.0, 1625758355.8596847
254.99999999999997, 84.9198113207547, 0.0, 1625758355.9632187
254.99999999999997, 84.9198113207547, 0.0, 1625758356.0666387
254.99999999999997, 84.9198113207547, 0.0, 1625758356.1700926
254.99999999999997, 84.9198113207547, 0.0, 1625758356.2735007
254.99999999999997, 84.9198113207547, 0.0, 1625758356.3781214
254.99999999999997, 84.9198113207547, 0.0, 1625758356.4815593
254.99999999999997, 84.9198113207547, 0.0, 1625758356.5847974
254.99999999999997, 84.9198113207547, 0.0, 1625758356.688167
254.99999999999997, 84.9198113207547, 0.0, 1625758356.791676
254.99999999999997, 84.9198113207547, 0.0, 1625758356.8947945
254.99999999999997, 84.9198113207547, 0.0, 1625758356.9981554
254.99999999999997, 84.9198113207547, 0.0, 1625758357.1023564
254.99999999999997, 84.9198113207547, 0.0, 1625758357.2055619
254.99999999999997, 84.9198113207547, 0.0, 1625758357.3089159
254.99999999999997, 84.9198113207547, 0.0, 1625758357.4119477
254.99999999999997, 84.9198113207547, 0.0, 1625758357.5153272
254.99999999999997, 84.9198113207547, 0.0, 1625758357.6185658
254.99999999999997, 84.9198113207547, 0.0, 1625758357.721986
254.99999999999997, 84.9198113207547, 0.0, 1625758357.824523
254.99999999999997, 84.9198113207547, 0.0, 1625758357.9275885
254.99999999999997, 84.9198113207547, 0.0, 1625758358.0311341
254.99999999999997, 84.9198113207547, 0.0, 1625758358.1343007
254.99999999999997, 84.9198113207547, 0.0, 1625758358.2373598
254.99999999999997, 84.9198113207547, 0.0, 1625758358.3402317
254.99999999999997, 84.9198113207547, 0.0, 1625758358.443652
254.99999999999997, 84.9198113207547, 0.0, 1625758358.5471394
254.99999999999997, 84.9198113207547, 0.0, 1625758358.650213
254.99999999999997, 84.9198113207547, 0.0, 1625758358.753158
254.99999999999997, 84.9198113207547, 0.0, 1625758358.8574443
254.99999999999997, 84.9198113207547, 0.0, 1625758358.9610312
254.99999999999997, 84.9198113207547, 0.0, 1625758359.0637784
254.99999999999997, 84.9198113207547, 0.0, 1625758359.1668665
254.99999999999997, 84.9198113207547, 0.0, 1625758359.270219
254.99999999999997, 84.9198113207547, 0.0, 1625758359.374038
254.99999999999997, 84.9198113207547, 0.0, 1625758359.4769652
254.99999999999997, 84.9198113207547, 0.0, 1625758359.580335
254.99999999999997, 84.9198113207547, 0.0, 1625758359.6836681
254.99999999999997, 84.9198113207547, 0.0, 1625758359.7869258
254.99999999999997, 84.9198113207547, 0.0, 1625758359.8908412
254.99999999999997, 84.9198113207547, 0.0, 1625758359.9939597
254.99999999999997, 84.9198113207547, 0.0, 1625758360.0972695
254.99999999999997, 84.9198113207547, 0.0, 1625758360.200643
254.99999999999997, 84.9198113207547, 0.0, 1625758360.3036833
254.99999999999997, 84.9198113207547, 0.0, 1625758360.406719
254.99999999999997, 84.9198113207547, 0.0, 1625758360.5098138
254.99999999999997, 84.9198113207547, 0.0, 1625758360.6133213
254.99999999999997, 84.9198113207547, 0.0, 1625758360.716441
254.99999999999997, 84.9198113207547, 0.0, 1625758360.8191023
254.99999999999997, 84.9198113207547, 0.0, 1625758360.922004
254.99999999999997, 84.9198113207547, 0.0, 1625758361.026137
254.99999999999997, 84.9198113207547, 0.0, 1625758361.13117
254.99999999999997, 84.9198113207547, 0.0, 1625758361.2336776
254.99999999999997, 84.9198113207547, 0.0, 1625758361.33648
254.99999999999997, 84.9198113207547, 0.0, 1625758361.4398434
254.99999999999997, 84.9198113207547, 0.0, 1625758361.543579
254.99999999999997, 84.9198113207547, 0.0, 1625758361.6464925
254.99999999999997, 84.9198113207547, 0.0, 1625758361.7509055
254.99999999999997, 84.9198113207547, 0.0, 1625758361.8544793
254.99999999999997, 84.9198113207547, 0.0, 1625758361.9572406
254.99999999999997, 84.9198113207547, 0.0, 1625758362.0606601
254.99999999999997, 84.9198113207547, 0.0, 1625758362.1635284
254.99999999999997, 84.9198113207547, 0.0, 1625758362.2676864
254.99999999999997, 84.9198113207547, 0.0, 1625758362.370951
254.99999999999997, 84.9198113207547, 0.0, 1625758362.47344
254.99999999999997, 84.9198113207547, 0.0, 1625758362.576172
254.99999999999997, 84.9198113207547, 0.0, 1625758362.679889
254.99999999999997, 84.9198113207547, 0.0, 1625758362.782892
254.99999999999997, 84.9198113207547, 0.0, 1625758362.8853285
254.99999999999997, 84.9198113207547, 0.0, 1625758362.9883642
254.99999999999997, 84.9198113207547, 0.0, 1625758363.092068
254.99999999999997, 84.9198113207547, 0.0, 1625758363.1958058
254.99999999999997, 84.9198113207547, 0.0, 1625758363.2987733
254.99999999999997, 84.9198113207547, 0.0, 1625758363.4018996
254.99999999999997, 84.9198113207547, 0.0, 1625758363.504694
254.99999999999997, 84.9198113207547, 0.0, 1625758363.607448
254.99999999999997, 84.9198113207547, 0.0, 1625758363.7117925
254.99999999999997, 84.9198113207547, 0.0, 1625758363.8159995
254.99999999999997, 84.9198113207547, 0.0, 1625758363.919313
254.99999999999997, 84.9198113207547, 0.0, 1625758364.0219555
254.99999999999997, 84.9198113207547, 0.0, 1625758364.1249964
254.99999999999997, 84.9198113207547, 0.0, 1625758364.2286236
254.99999999999997, 84.9198113207547, 0.0, 1625758364.3320098
254.99999999999997, 84.9198113207547, 0.0, 1625758364.4347095
254.99999999999997, 84.9198113207547, 0.0, 1625758364.5376928
254.99999999999997, 84.9198113207547, 0.0, 1625758364.640682
254.99999999999997, 84.9198113207547, 0.0, 1625758364.743569
254.99999999999997, 84.9198113207547, 0.0, 1625758364.8474271
254.99999999999997, 84.9198113207547, 0.0, 1625758364.9507513
254.99999999999997, 84.9198113207547, 0.0, 1625758365.0535982
254.99999999999997, 84.9198113207547, 0.0, 1625758365.1568615
254.99999999999997, 84.9198113207547, 0.0, 1625758365.2597036
254.99999999999997, 84.9198113207547, 0.0, 1625758365.3635008
254.99999999999997, 84.9198113207547, 0.0, 1625758365.4678583
254.99999999999997, 84.9198113207547, 0.0, 1625758365.5709393
254.99999999999997, 84.9198113207547, 0.0, 1625758365.673902
254.99999999999997, 84.9198113207547, 0.0, 1625758365.7770224
254.99999999999997, 84.9198113207547, 0.0, 1625758365.8802774
254.99999999999997, 84.9198113207547, 0.0, 1625758365.9831572
254.99999999999997, 84.9198113207547, 0.0, 1625758366.0861235
254.99999999999997, 84.9198113207547, 0.0, 1625758366.189315
254.99999999999997, 84.9198113207547, 0.0, 1625758366.2919593
254.99999999999997, 84.9198113207547, 0.0, 1625758366.3948135
254.99999999999997, 84.9198113207547, 0.0, 1625758366.4970992
254.99999999999997, 84.9198113207547, 0.0, 1625758366.6005514
254.99999999999997, 84.9198113207547, 0.0, 1625758366.7041745
254.99999999999997, 84.9198113207547, 0.0, 1625758366.8076024
254.99999999999997, 84.9198113207547, 0.0, 1625758366.910814
254.99999999999997, 84.9198113207547, 0.0, 1625758367.014081
254.99999999999997, 84.9198113207547, 0.0, 1625758367.1182702
254.99999999999997, 84.9198113207547, 0.0, 1625758367.2212253
254.99999999999997, 84.9198113207547, 0.0, 1625758367.324012
254.99999999999997, 84.9198113207547, 0.0, 1625758367.4272707
254.99999999999997, 84.9198113207547, 0.0, 1625758367.5308309
254.99999999999997, 84.9198113207547, 0.0, 1625758367.6335676
254.99999999999997, 84.9198113207547, 0.0, 1625758367.7370815
254.99999999999997, 84.9198113207547, 0.0, 1625758367.8403833
254.99999999999997, 84.9198113207547, 0.0, 1625758367.9436433
254.99999999999997, 84.9198113207547, 0.0, 1625758368.0463793
254.99999999999997, 84.9198113207547, 0.0, 1625758368.1491537
254.99999999999997, 84.9198113207547, 0.0, 1625758368.2524536
254.99999999999997, 84.9198113207547, 0.0, 1625758368.3560762
254.99999999999997, 84.9198113207547, 0.0, 1625758368.4591842
254.99999999999997, 84.9198113207547, 0.0, 1625758368.5624263
254.99999999999997, 84.9198113207547, 0.0, 1625758368.6668577
254.99999999999997, 84.9198113207547, 0.0, 1625758368.7703621
254.99999999999997, 84.9198113207547, 0.0, 1625758368.8731213
254.99999999999997, 84.9198113207547, 0.0, 1625758368.9758506
254.99999999999997, 84.9198113207547, 0.0, 1625758369.0793774
254.99999999999997, 84.9198113207547, 0.0, 1625758369.1833305
254.99999999999997, 84.9198113207547, 0.0, 1625758369.286084
254.99999999999997, 84.9198113207547, 0.0, 1625758369.3889456
254.99999999999997, 84.9198113207547, 0.0, 1625758369.4917953
254.99999999999997, 84.9198113207547, 0.0, 1625758369.595435
254.99999999999997, 84.9198113207547, 0.0, 1625758369.6992266
254.99999999999997, 84.9198113207547, 0.0, 1625758369.8020828
254.99999999999997, 84.9198113207547, 0.0, 1625758369.9060197
254.99999999999997, 84.9198113207547, 0.0, 1625758370.0090578
254.99999999999997, 84.9198113207547, 0.0, 1625758370.1121147
254.99999999999997, 84.9198113207547, 0.0, 1625758370.2145543
254.99999999999997, 84.9198113207547, 0.0, 1625758370.3177676
254.99999999999997, 84.9198113207547, 0.0, 1625758370.4212885
254.99999999999997, 84.9198113207547, 0.0, 1625758370.5258436
254.99999999999997, 84.9198113207547, 0.0, 1625758370.6296184
254.99999999999997, 84.9198113207547, 0.0, 1625758370.7325466
254.99999999999997, 84.9198113207547, 0.0, 1625758370.8356056
254.99999999999997, 84.9198113207547, 0.0, 1625758370.939091
254.99999999999997, 84.9198113207547, 0.0, 1625758371.0422685
254.99999999999997, 84.9198113207547, 0.0, 1625758371.1454308
254.99999999999997, 84.9198113207547, 0.0, 1625758371.2487693
254.99999999999997, 84.9198113207547, 0.0, 1625758371.3517487
254.99999999999997, 84.9198113207547, 0.0, 1625758371.4549656
254.99999999999997, 84.9198113207547, 0.0, 1625758371.558704
254.99999999999997, 84.9198113207547, 0.0, 1625758371.6619816
254.99999999999997, 84.9198113207547, 0.0, 1625758371.782261
254.99999999999997, 84.9198113207547, 0.0, 1625758371.8887625
254.99999999999997, 84.9198113207547, 0.0, 1625758371.992238
254.99999999999997, 84.9198113207547, 0.0, 1625758372.0958145
254.99999999999997, 84.9198113207547, 0.0, 1625758372.1995156
254.99999999999997, 84.9198113207547, 0.0, 1625758372.3038657
254.99999999999997, 84.9198113207547, 0.0, 1625758372.4076955
254.99999999999997, 84.9198113207547, 0.0, 1625758372.5111852
254.99999999999997, 84.9198113207547, 0.0, 1625758372.6149423
254.99999999999997, 84.9198113207547, 0.0, 1625758372.718356
254.99999999999997, 84.9198113207547, 0.0, 1625758372.8212857
254.99999999999997, 84.9198113207547, 0.0, 1625758372.92466
254.99999999999997, 84.9198113207547, 0.0, 1625758373.028268
254.99999999999997, 84.9198113207547, 0.0, 1625758373.1316643
254.99999999999997, 84.9198113207547, 0.0, 1625758373.2344642
254.99999999999997, 84.9198113207547, 0.0, 1625758373.3374755
254.99999999999997, 84.9198113207547, 0.0, 1625758373.441131
254.99999999999997, 84.9198113207547, 0.0, 1625758373.5440834
254.99999999999997, 84.9198113207547, 0.0, 1625758373.646847
254.99999999999997, 84.9198113207547, 0.0, 1625758373.7496982
254.99999999999997, 84.9198113207547, 0.0, 1625758373.8531313
254.99999999999997, 84.9198113207547, 0.0, 1625758373.957126
254.99999999999997, 84.9198113207547, 0.0, 1625758374.0602899
254.99999999999997, 84.9198113207547, 0.0, 1625758374.163448
254.99999999999997, 84.9198113207547, 0.0, 1625758374.2666209
254.99999999999997, 84.9198113207547, 0.0, 1625758374.3705785
254.99999999999997, 84.9198113207547, 0.0, 1625758374.4735417
254.99999999999997, 84.9198113207547, 0.0, 1625758374.5774372
254.99999999999997, 84.9198113207547, 0.0, 1625758374.6805248
254.99999999999997, 84.9198113207547, 0.0, 1625758374.7840478
254.99999999999997, 84.9198113207547, 0.0, 1625758374.88694
254.99999999999997, 84.9198113207547, 0.0, 1625758374.990797
254.99999999999997, 84.9198113207547, 0.0, 1625758375.0941665
254.99999999999997, 84.9198113207547, 0.0, 1625758375.1969075
254.99999999999997, 84.9198113207547, 0.0, 1625758375.2999964
254.99999999999997, 84.9198113207547, 0.0, 1625758375.4032915
254.99999999999997, 84.9198113207547, 0.0, 1625758375.5074062
254.99999999999997, 84.9198113207547, 0.0, 1625758375.6107585
254.99999999999997, 84.9198113207547, 0.0, 1625758375.7137365
254.99999999999997, 84.9198113207547, 0.0, 1625758375.8179042
254.99999999999997, 84.9198113207547, 0.0, 1625758375.9210103
254.99999999999997, 84.9198113207547, 0.0, 1625758376.0242841
254.99999999999997, 84.9198113207547, 0.0, 1625758376.12712
254.99999999999997, 84.9198113207547, 0.0, 1625758376.2308698
254.99999999999997, 84.9198113207547, 0.0, 1625758376.334712
254.99999999999997, 84.9198113207547, 0.0, 1625758376.4371998
254.99999999999997, 84.9198113207547, 0.0, 1625758376.5399685
254.99999999999997, 84.9198113207547, 0.0, 1625758376.643231
254.99999999999997, 84.9198113207547, 0.0, 1625758376.7462478
254.99999999999997, 84.9198113207547, 0.0, 1625758376.8491561
254.99999999999997, 84.9198113207547, 0.0, 1625758376.9522622
254.99999999999997, 84.9198113207547, 0.0, 1625758377.056153
254.99999999999997, 84.9198113207547, 0.0, 1625758377.1592937
254.99999999999997, 84.9198113207547, 0.0, 1625758377.2631512
254.99999999999997, 84.9198113207547, 0.0, 1625758377.3667357
254.99999999999997, 84.9198113207547, 0.0, 1625758377.4697244
254.99999999999997, 84.9198113207547, 0.0, 1625758377.572813
254.99999999999997, 84.9198113207547, 0.0, 1625758377.6753192
254.99999999999997, 84.9198113207547, 0.0, 1625758377.7780738
254.99999999999997, 84.9198113207547, 0.0, 1625758377.881287
254.99999999999997, 84.9198113207547, 0.0, 1625758377.9844782
254.99999999999997, 84.9198113207547, 0.0, 1625758378.0882359
254.99999999999997, 84.9198113207547, 0.0, 1625758378.191428
254.99999999999997, 84.9198113207547, 0.0, 1625758378.294375
254.99999999999997, 84.9198113207547, 0.0, 1625758378.3978207
254.99999999999997, 84.9198113207547, 0.0, 1625758378.501177
254.99999999999997, 84.9198113207547, 0.0, 1625758378.6040473
254.99999999999997, 84.9198113207547, 0.0, 1625758378.7068245
254.99999999999997, 84.9198113207547, 0.0, 1625758378.8106558
254.99999999999997, 84.9198113207547, 0.0, 1625758378.9140441
254.99999999999997, 84.9198113207547, 0.0, 1625758379.0165758
254.99999999999997, 84.9198113207547, 0.0, 1625758379.119767
254.99999999999997, 84.9198113207547, 0.0, 1625758379.223283
254.99999999999997, 84.9198113207547, 0.0, 1625758379.327374
254.99999999999997, 84.9198113207547, 0.0, 1625758379.429998
254.99999999999997, 84.9198113207547, 0.0, 1625758379.5335505
254.99999999999997, 84.9198113207547, 0.0, 1625758379.6369104
254.99999999999997, 84.9198113207547, 0.0, 1625758379.7397342
254.99999999999997, 84.9198113207547, 0.0, 1625758379.8429315
254.99999999999997, 84.9198113207547, 0.0, 1625758379.9457927
254.99999999999997, 84.9198113207547, 0.0, 1625758380.0489955
254.99999999999997, 84.9198113207547, 0.0, 1625758380.1518981
254.99999999999997, 84.9198113207547, 0.0, 1625758380.2551594
254.99999999999997, 84.9198113207547, 0.0, 1625758380.3582013
254.99999999999997, 84.9198113207547, 0.0, 1625758380.461459
254.99999999999997, 84.9198113207547, 0.0, 1625758380.5646033
254.99999999999997, 84.9198113207547, 0.0, 1625758380.6681297
254.99999999999997, 84.9198113207547, 0.0, 1625758380.771098
254.99999999999997, 84.9198113207547, 0.0, 1625758380.8739536
254.99999999999997, 84.9198113207547, 0.0, 1625758380.9770463
254.99999999999997, 84.9198113207547, 0.0, 1625758381.0811253
254.99999999999997, 84.9198113207547, 0.0, 1625758381.1846018
254.99999999999997, 84.9198113207547, 0.0, 1625758381.2879899
254.99999999999997, 84.9198113207547, 0.0, 1625758381.3910637
254.99999999999997, 84.9198113207547, 0.0, 1625758381.4946218
254.99999999999997, 84.9198113207547, 0.0, 1625758381.5978813
254.99999999999997, 84.9198113207547, 0.0, 1625758381.7007518
254.99999999999997, 84.9198113207547, 0.0, 1625758381.8039532
254.99999999999997, 84.9198113207547, 0.0, 1625758381.9071395
254.99999999999997, 84.9198113207547, 0.0, 1625758382.010851
254.99999999999997, 84.9198113207547, 0.0, 1625758382.1143112
254.99999999999997, 84.9198113207547, 0.0, 1625758382.2197373
254.99999999999997, 84.9198113207547, 0.0, 1625758382.323431
254.99999999999997, 84.9198113207547, 0.0, 1625758382.4263852
254.99999999999997, 84.9198113207547, 0.0, 1625758382.5305593
254.99999999999997, 84.9198113207547, 0.0, 1625758382.6333277
254.99999999999997, 84.9198113207547, 0.0, 1625758382.7365034
254.99999999999997, 84.9198113207547, 0.0, 1625758382.8394954
254.99999999999997, 84.9198113207547, 0.0, 1625758382.9432669
254.99999999999997, 84.9198113207547, 0.0, 1625758383.0458918
254.99999999999997, 84.9198113207547, 0.0, 1625758383.1489909
254.99999999999997, 84.9198113207547, 0.0, 1625758383.2521057
254.99999999999997, 84.9198113207547, 0.0, 1625758383.3550997
254.99999999999997, 84.9198113207547, 0.0, 1625758383.4575589
254.99999999999997, 84.9198113207547, 0.0, 1625758383.5603518
254.99999999999997, 84.9198113207547, 0.0, 1625758383.6635988
254.99999999999997, 84.9198113207547, 0.0, 1625758383.7665725
254.99999999999997, 84.9198113207547, 0.0, 1625758383.8699453
254.99999999999997, 84.9198113207547, 0.0, 1625758383.973054
254.99999999999997, 84.9198113207547, 0.0, 1625758384.0765705
254.99999999999997, 84.9198113207547, 0.0, 1625758384.1794868
254.99999999999997, 84.9198113207547, 0.0, 1625758384.2825532
254.99999999999997, 84.9198113207547, 0.0, 1625758384.385333
254.99999999999997, 84.9198113207547, 0.0, 1625758384.4886017
254.99999999999997, 84.9198113207547, 0.0, 1625758384.5918148
254.99999999999997, 84.9198113207547, 0.0, 1625758384.6952157
254.99999999999997, 84.9198113207547, 0.0, 1625758384.7995417
254.99999999999997, 84.9198113207547, 0.0, 1625758384.9026887
254.99999999999997, 84.9198113207547, 0.0, 1625758385.0054264
254.99999999999997, 84.9198113207547, 0.0, 1625758385.1097784
254.99999999999997, 84.9198113207547, 0.0, 1625758385.213578
254.99999999999997, 84.9198113207547, 0.0, 1625758385.3167245
254.99999999999997, 84.9198113207547, 0.0, 1625758385.4198737
254.99999999999997, 84.9198113207547, 0.0, 1625758385.5227888
254.99999999999997, 84.9198113207547, 0.0, 1625758385.6265297
254.99999999999997, 84.9198113207547, 0.0, 1625758385.7297695
254.99999999999997, 84.9198113207547, 0.0, 1625758385.8335352
254.99999999999997, 84.9198113207547, 0.0, 1625758385.937125
254.99999999999997, 84.9198113207547, 0.0, 1625758386.0403879
254.99999999999997, 84.9198113207547, 0.0, 1625758386.1435666
254.99999999999997, 84.9198113207547, 0.0, 1625758386.2472627
254.99999999999997, 84.9198113207547, 0.0, 1625758386.3510585
254.99999999999997, 84.9198113207547, 0.0, 1625758386.4540148
254.99999999999997, 84.9198113207547, 0.0, 1625758386.5569692
254.99999999999997, 84.9198113207547, 0.0, 1625758386.6603148
254.99999999999997, 84.9198113207547, 0.0, 1625758386.7631679
254.99999999999997, 84.9198113207547, 0.0, 1625758386.8656654
254.99999999999997, 84.9198113207547, 0.0, 1625758386.9688833
254.99999999999997, 84.9198113207547, 0.0, 1625758387.0729108
254.99999999999997, 84.9198113207547, 0.0, 1625758387.1762345
254.99999999999997, 84.9198113207547, 0.0, 1625758387.2787328
254.99999999999997, 84.9198113207547, 0.0, 1625758387.381585
254.99999999999997, 84.9198113207547, 0.0, 1625758387.485041
254.99999999999997, 84.9198113207547, 0.0, 1625758387.5885136
254.99999999999997, 84.9198113207547, 0.0, 1625758387.691788
254.99999999999997, 84.9198113207547, 0.0, 1625758387.7947955
254.99999999999997, 84.9198113207547, 0.0, 1625758387.8978205
254.99999999999997, 84.9198113207547, 0.0, 1625758388.001128
254.99999999999997, 84.9198113207547, 0.0, 1625758388.1049652
254.99999999999997, 84.9198113207547, 0.0, 1625758388.2082489
254.99999999999997, 84.9198113207547, 0.0, 1625758388.3119674
254.99999999999997, 84.9198113207547, 0.0, 1625758388.4161456
254.99999999999997, 84.9198113207547, 0.0, 1625758388.519284
254.99999999999997, 84.9198113207547, 0.0, 1625758388.6226847
254.99999999999997, 84.9198113207547, 0.0, 1625758388.7268333
254.99999999999997, 84.9198113207547, 0.0, 1625758388.8296478
254.99999999999997, 84.9198113207547, 0.0, 1625758388.9327335
254.99999999999997, 84.9198113207547, 0.0, 1625758389.0366738
254.99999999999997, 84.9198113207547, 0.0, 1625758389.1408844
254.99999999999997, 84.9198113207547, 0.0, 1625758389.2446938
254.99999999999997, 84.9198113207547, 0.0, 1625758389.3477159
254.99999999999997, 84.9198113207547, 0.0, 1625758389.4510078
254.99999999999997, 84.9198113207547, 0.0, 1625758389.5557885
254.99999999999997, 84.9198113207547, 0.0, 1625758389.6596437
254.99999999999997, 84.9198113207547, 0.0, 1625758389.7625315
254.99999999999997, 84.9198113207547, 0.0, 1625758389.8661773
254.99999999999997, 84.9198113207547, 0.0, 1625758389.9697444
254.99999999999997, 84.9198113207547, 0.0, 1625758390.0733047
254.99999999999997, 84.9198113207547, 0.0, 1625758390.1765273
254.99999999999997, 84.9198113207547, 0.0, 1625758390.279854
254.99999999999997, 84.9198113207547, 0.0, 1625758390.3836834
254.99999999999997, 84.9198113207547, 0.0, 1625758390.4866996
254.99999999999997, 84.9198113207547, 0.0, 1625758390.5907786
254.99999999999997, 84.9198113207547, 0.0, 1625758390.6942418
254.99999999999997, 84.9198113207547, 0.0, 1625758390.7974367
254.99999999999997, 84.9198113207547, 0.0, 1625758390.9003727
254.99999999999997, 84.9198113207547, 0.0, 1625758391.0034091
254.99999999999997, 84.9198113207547, 0.0, 1625758391.107679
254.99999999999997, 84.9198113207547, 0.0, 1625758391.2108011
254.99999999999997, 84.9198113207547, 0.0, 1625758391.3134537
254.99999999999997, 84.9198113207547, 0.0, 1625758391.4161887
254.99999999999997, 84.9198113207547, 0.0, 1625758391.5196235
254.99999999999997, 84.9198113207547, 0.0, 1625758391.622613
254.99999999999997, 84.9198113207547, 0.0, 1625758391.7255278
254.99999999999997, 84.9198113207547, 0.0, 1625758391.8287015
254.99999999999997, 84.9198113207547, 0.0, 1625758391.931848
254.99999999999997, 84.9198113207547, 0.0, 1625758392.0356736
254.99999999999997, 84.9198113207547, 0.0, 1625758392.1388636
254.99999999999997, 84.9198113207547, 0.0, 1625758392.2419758
254.99999999999997, 84.9198113207547, 0.0, 1625758392.34491
254.99999999999997, 84.9198113207547, 0.0, 1625758392.4480736
254.99999999999997, 84.9198113207547, 0.0, 1625758392.5508525
254.99999999999997, 84.9198113207547, 0.0, 1625758392.6546168
254.99999999999997, 84.9198113207547, 0.0, 1625758392.7581973
254.99999999999997, 84.9198113207547, 0.0, 1625758392.8611622
254.99999999999997, 84.9198113207547, 0.0, 1625758392.9650028
254.99999999999997, 84.9198113207547, 0.0, 1625758393.068268
254.99999999999997, 84.9198113207547, 0.0, 1625758393.1716664
254.99999999999997, 84.9198113207547, 0.0, 1625758393.2747366
254.99999999999997, 84.9198113207547, 0.0, 1625758393.3780723
254.99999999999997, 84.9198113207547, 0.0, 1625758393.481825
254.99999999999997, 84.9198113207547, 0.0, 1625758393.5849884
254.99999999999997, 84.9198113207547, 0.0, 1625758393.6881242
254.99999999999997, 84.9198113207547, 0.0, 1625758393.7912025
254.99999999999997, 84.9198113207547, 0.0, 1625758393.894994
254.99999999999997, 84.9198113207547, 0.0, 1625758393.9981022
254.99999999999997, 84.9198113207547, 0.0, 1625758394.1010292
254.99999999999997, 84.9198113207547, 0.0, 1625758394.2041945
254.99999999999997, 84.9198113207547, 0.0, 1625758394.3080964
254.99999999999997, 84.9198113207547, 0.0, 1625758394.4123452
254.99999999999997, 84.9198113207547, 0.0, 1625758394.5158763
254.99999999999997, 84.9198113207547, 0.0, 1625758394.6194153
254.99999999999997, 84.9198113207547, 0.0, 1625758394.7229743
254.99999999999997, 84.9198113207547, 0.0, 1625758394.8257744
254.99999999999997, 84.9198113207547, 0.0, 1625758394.9292967
254.99999999999997, 84.9198113207547, 0.0, 1625758395.0325596
254.99999999999997, 84.9198113207547, 0.0, 1625758395.1362455
254.99999999999997, 84.9198113207547, 0.0, 1625758395.2393994
254.99999999999997, 84.9198113207547, 0.0, 1625758395.3420048
254.99999999999997, 84.9198113207547, 0.0, 1625758395.445301
254.99999999999997, 84.9198113207547, 0.0, 1625758395.5484467
254.99999999999997, 84.9198113207547, 0.0, 1625758395.6522012
254.99999999999997, 84.9198113207547, 0.0, 1625758395.7549498
254.99999999999997, 84.9198113207547, 0.0, 1625758395.8581297
254.99999999999997, 84.9198113207547, 0.0, 1625758395.9608028
254.99999999999997, 84.9198113207547, 0.0, 1625758396.0642695
254.99999999999997, 84.9198113207547, 0.0, 1625758396.1680572
254.99999999999997, 84.9198113207547, 0.0, 1625758396.2715762
254.99999999999997, 84.9198113207547, 0.0, 1625758396.374154
254.99999999999997, 84.9198113207547, 0.0, 1625758396.4781284
254.99999999999997, 84.9198113207547, 0.0, 1625758396.581274
254.99999999999997, 84.9198113207547, 0.0, 1625758396.6844904
254.99999999999997, 84.9198113207547, 0.0, 1625758396.7873642
254.99999999999997, 84.9198113207547, 0.0, 1625758396.8910892
254.99999999999997, 84.9198113207547, 0.0, 1625758396.9942772
254.99999999999997, 84.9198113207547, 0.0, 1625758397.0972602
254.99999999999997, 84.9198113207547, 0.0, 1625758397.2005188
254.99999999999997, 84.9198113207547, 0.0, 1625758397.303944
254.99999999999997, 84.9198113207547, 0.0, 1625758397.4069684
254.99999999999997, 84.9198113207547, 0.0, 1625758397.5112758
254.99999999999997, 84.9198113207547, 0.0, 1625758397.6141407
254.99999999999997, 84.9198113207547, 0.0, 1625758397.7168515
254.99999999999997, 84.9198113207547, 0.0, 1625758397.820082
254.99999999999997, 84.9198113207547, 0.0, 1625758397.9230256
254.99999999999997, 84.9198113207547, 0.0, 1625758398.0260792
254.99999999999997, 84.9198113207547, 0.0, 1625758398.1297123
254.99999999999997, 84.9198113207547, 0.0, 1625758398.2327683
254.99999999999997, 84.9198113207547, 0.0, 1625758398.33686
254.99999999999997, 84.9198113207547, 0.0, 1625758398.4402916
254.99999999999997, 84.9198113207547, 0.0, 1625758398.5430326
254.99999999999997, 84.9198113207547, 0.0, 1625758398.6464477
254.99999999999997, 84.9198113207547, 0.0, 1625758398.7495513
254.99999999999997, 84.9198113207547, 0.0, 1625758398.8526826
254.99999999999997, 84.9198113207547, 0.0, 1625758398.955271
254.99999999999997, 84.9198113207547, 0.0, 1625758399.058203
254.99999999999997, 84.9198113207547, 0.0, 1625758399.161243
254.99999999999997, 84.9198113207547, 0.0, 1625758399.2646573
254.99999999999997, 84.9198113207547, 0.0, 1625758399.3686879
254.99999999999997, 84.9198113207547, 0.0, 1625758399.471839
254.99999999999997, 84.9198113207547, 0.0, 1625758399.5762713
254.99999999999997, 84.9198113207547, 0.0, 1625758399.6799412
254.99999999999997, 84.9198113207547, 0.0, 1625758399.7831194
254.99999999999997, 84.9198113207547, 0.0, 1625758399.8863924
254.99999999999997, 84.9198113207547, 0.0, 1625758399.9903874
254.99999999999997, 84.9198113207547, 0.0, 1625758400.0942724
254.99999999999997, 84.9198113207547, 0.0, 1625758400.1970544
254.99999999999997, 84.9198113207547, 0.0, 1625758400.3002272
254.99999999999997, 84.9198113207547, 0.0, 1625758400.4044049
254.99999999999997, 84.9198113207547, 0.0, 1625758400.5074267
254.99999999999997, 84.9198113207547, 0.0, 1625758400.6103811
254.99999999999997, 84.9198113207547, 0.0, 1625758400.713533
254.99999999999997, 84.9198113207547, 0.0, 1625758400.8167043
254.99999999999997, 84.9198113207547, 0.0, 1625758400.9195592
254.99999999999997, 84.9198113207547, 0.0, 1625758401.0228994
254.99999999999997, 84.9198113207547, 0.0, 1625758401.1265318
254.99999999999997, 84.9198113207547, 0.0, 1625758401.2294002
254.99999999999997, 84.9198113207547, 0.0, 1625758401.3322923
254.99999999999997, 84.9198113207547, 0.0, 1625758401.4352844
254.99999999999997, 84.9198113207547, 0.0, 1625758401.538565
254.99999999999997, 84.9198113207547, 0.0, 1625758401.6413589
254.99999999999997, 84.9198113207547, 0.0, 1625758401.7454839
254.99999999999997, 84.9198113207547, 0.0, 1625758401.8687024
254.99999999999997, 84.9198113207547, 0.0, 1625758401.9718513
254.99999999999997, 84.9198113207547, 0.0, 1625758402.075275
254.99999999999997, 84.9198113207547, 0.0, 1625758402.1782234
254.99999999999997, 84.9198113207547, 0.0, 1625758402.2812612
254.99999999999997, 84.9198113207547, 0.0, 1625758402.384404
254.99999999999997, 84.9198113207547, 0.0, 1625758402.4877372
254.99999999999997, 84.9198113207547, 0.0, 1625758402.592164
254.99999999999997, 84.9198113207547, 0.0, 1625758402.6969469
254.99999999999997, 84.9198113207547, 0.0, 1625758402.8003929
254.99999999999997, 84.9198113207547, 0.0, 1625758402.904078
254.99999999999997, 84.9198113207547, 0.0, 1625758403.0091066
254.99999999999997, 84.9198113207547, 0.0, 1625758403.1135294
254.99999999999997, 84.9198113207547, 0.0, 1625758403.2166255
254.99999999999997, 84.9198113207547, 0.0, 1625758403.3195055
254.99999999999997, 84.9198113207547, 0.0, 1625758403.422563
254.99999999999997, 84.9198113207547, 0.0, 1625758403.5271387
254.99999999999997, 84.9198113207547, 0.0, 1625758403.6317213
254.99999999999997, 84.9198113207547, 0.0, 1625758403.736732
254.99999999999997, 84.9198113207547, 0.0, 1625758403.8403401
254.99999999999997, 84.9198113207547, 0.0, 1625758403.9440804
254.99999999999997, 84.9198113207547, 0.0, 1625758404.047063
254.99999999999997, 84.9198113207547, 0.0, 1625758404.1497371
254.99999999999997, 84.9198113207547, 0.0, 1625758404.2530441
254.99999999999997, 84.9198113207547, 0.0, 1625758404.3569887
254.99999999999997, 84.9198113207547, 0.0, 1625758404.4599633
254.99999999999997, 84.9198113207547, 0.0, 1625758404.5634425
254.99999999999997, 84.9198113207547, 0.0, 1625758404.6676764
254.99999999999997, 84.9198113207547, 0.0, 1625758404.771256
254.99999999999997, 84.9198113207547, 0.0, 1625758404.8747325
254.99999999999997, 84.9198113207547, 0.0, 1625758404.977301
254.99999999999997, 84.9198113207547, 0.0, 1625758405.0811703
254.99999999999997, 84.9198113207547, 0.0, 1625758405.184895
254.99999999999997, 84.9198113207547, 0.0, 1625758405.2882912
254.99999999999997, 84.9198113207547, 0.0, 1625758405.3923833
254.99999999999997, 84.9198113207547, 0.0, 1625758405.4955077
254.99999999999997, 84.9198113207547, 0.0, 1625758405.5986624
254.99999999999997, 84.9198113207547, 0.0, 1625758405.7025988
254.99999999999997, 84.9198113207547, 0.0, 1625758405.8054948
254.99999999999997, 84.9198113207547, 0.0, 1625758405.9083378
254.99999999999997, 84.9198113207547, 0.0, 1625758406.0113118
254.99999999999997, 84.9198113207547, 0.0, 1625758406.1147695
254.99999999999997, 84.9198113207547, 0.0, 1625758406.2189858
254.99999999999997, 84.9198113207547, 0.0, 1625758406.322942
254.99999999999997, 84.9198113207547, 0.0, 1625758406.4256046
254.99999999999997, 84.9198113207547, 0.0, 1625758406.528859
254.99999999999997, 84.9198113207547, 0.0, 1625758406.632317
254.99999999999997, 84.9198113207547, 0.0, 1625758406.7352347
254.99999999999997, 84.9198113207547, 0.0, 1625758406.8399196
254.99999999999997, 84.9198113207547, 0.0, 1625758406.9439645
254.99999999999997, 84.9198113207547, 0.0, 1625758407.0475245
254.99999999999997, 84.9198113207547, 0.0, 1625758407.1506042
254.99999999999997, 84.9198113207547, 0.0, 1625758407.2535472
254.99999999999997, 84.9198113207547, 0.0, 1625758407.3566194
254.99999999999997, 84.9198113207547, 0.0, 1625758407.4595098
254.99999999999997, 84.9198113207547, 0.0, 1625758407.5626843
254.99999999999997, 84.9198113207547, 0.0, 1625758407.6653883
254.99999999999997, 84.9198113207547, 0.0, 1625758407.7683332
254.99999999999997, 84.9198113207547, 0.0, 1625758407.8713546
254.99999999999997, 84.9198113207547, 0.0, 1625758407.9742663
254.99999999999997, 84.9198113207547, 0.0, 1625758408.0772867
254.99999999999997, 84.9198113207547, 0.0, 1625758408.1804388
254.99999999999997, 84.9198113207547, 0.0, 1625758408.283307
254.99999999999997, 84.9198113207547, 0.0, 1625758408.3863122
254.99999999999997, 84.9198113207547, 0.0, 1625758408.4889987
254.99999999999997, 84.9198113207547, 0.0, 1625758408.5930617
254.99999999999997, 84.9198113207547, 0.0, 1625758408.6960914
254.99999999999997, 84.9198113207547, 0.0, 1625758408.7990556
254.99999999999997, 84.9198113207547, 0.0, 1625758408.9019284
254.99999999999997, 84.9198113207547, 0.0, 1625758409.0048041
254.99999999999997, 84.9198113207547, 0.0, 1625758409.1083689
254.99999999999997, 84.9198113207547, 0.0, 1625758409.211785
254.99999999999997, 84.9198113207547, 0.0, 1625758409.315252
254.99999999999997, 84.9198113207547, 0.0, 1625758409.4180248
254.99999999999997, 84.9198113207547, 0.0, 1625758409.5209296
254.99999999999997, 84.9198113207547, 0.0, 1625758409.6239877
254.99999999999997, 84.9198113207547, 0.0, 1625758409.7268276
254.99999999999997, 84.9198113207547, 0.0, 1625758409.8295898
254.99999999999997, 84.9198113207547, 0.0, 1625758409.9326365
254.99999999999997, 84.9198113207547, 0.0, 1625758410.035716
254.99999999999997, 84.9198113207547, 0.0, 1625758410.1384327
254.99999999999997, 84.9198113207547, 0.0, 1625758410.243174
254.99999999999997, 84.9198113207547, 0.0, 1625758410.3476481
254.99999999999997, 84.9198113207547, 0.0, 1625758410.4502034
254.99999999999997, 84.9198113207547, 0.0, 1625758410.5531042
254.99999999999997, 84.9198113207547, 0.0, 1625758410.6560664
254.99999999999997, 84.9198113207547, 0.0, 1625758410.759583
254.99999999999997, 84.9198113207547, 0.0, 1625758410.8623946
254.99999999999997, 84.9198113207547, 0.0, 1625758410.9659798
254.99999999999997, 84.9198113207547, 0.0, 1625758411.0692947
254.99999999999997, 84.9198113207547, 0.0, 1625758411.1720982
254.99999999999997, 84.9198113207547, 0.0, 1625758411.2746916
254.99999999999997, 84.9198113207547, 0.0, 1625758411.3781142
254.99999999999997, 84.9198113207547, 0.0, 1625758411.4814043
254.99999999999997, 84.9198113207547, 0.0, 1625758411.5848298
254.99999999999997, 84.9198113207547, 0.0, 1625758411.6877182
254.99999999999997, 84.9198113207547, 0.0, 1625758411.791486
254.99999999999997, 84.9198113207547, 0.0, 1625758411.8946202
254.99999999999997, 84.9198113207547, 0.0, 1625758411.9979393
254.99999999999997, 84.9198113207547, 0.0, 1625758412.1011348
254.99999999999997, 84.9198113207547, 0.0, 1625758412.2036629
254.99999999999997, 84.9198113207547, 0.0, 1625758412.306763
254.99999999999997, 84.9198113207547, 0.0, 1625758412.4100454
254.99999999999997, 84.9198113207547, 0.0, 1625758412.5130363
254.99999999999997, 84.9198113207547, 0.0, 1625758412.6158338
254.99999999999997, 84.9198113207547, 0.0, 1625758412.7197583
254.99999999999997, 84.9198113207547, 0.0, 1625758412.82321
254.99999999999997, 84.9198113207547, 0.0, 1625758412.9268718
254.99999999999997, 84.9198113207547, 0.0, 1625758413.0295916
254.99999999999997, 84.9198113207547, 0.0, 1625758413.133761
254.99999999999997, 84.9198113207547, 0.0, 1625758413.23751
254.99999999999997, 84.9198113207547, 0.0, 1625758413.3409455
254.99999999999997, 84.9198113207547, 0.0, 1625758413.4440901
254.99999999999997, 84.9198113207547, 0.0, 1625758413.5473704
254.99999999999997, 84.9198113207547, 0.0, 1625758413.6502666
254.99999999999997, 84.9198113207547, 0.0, 1625758413.7537289
254.99999999999997, 84.9198113207547, 0.0, 1625758413.8565805
254.99999999999997, 84.9198113207547, 0.0, 1625758413.9600716
254.99999999999997, 84.9198113207547, 0.0, 1625758414.0634289
254.99999999999997, 84.9198113207547, 0.0, 1625758414.1666148
254.99999999999997, 84.9198113207547, 0.0, 1625758414.2697194
254.99999999999997, 84.9198113207547, 0.0, 1625758414.3726785
254.99999999999997, 84.9198113207547, 0.0, 1625758414.4755807
254.99999999999997, 84.9198113207547, 0.0, 1625758414.578768
254.99999999999997, 84.9198113207547, 0.0, 1625758414.681446
254.99999999999997, 84.9198113207547, 0.0, 1625758414.784594
254.99999999999997, 84.9198113207547, 0.0, 1625758414.8872626
254.99999999999997, 84.9198113207547, 0.0, 1625758414.9902139
254.99999999999997, 84.9198113207547, 0.0, 1625758415.0934017
254.99999999999997, 84.9198113207547, 0.0, 1625758415.1964774
254.99999999999997, 84.9198113207547, 0.0, 1625758415.299388
254.99999999999997, 84.9198113207547, 0.0, 1625758415.402552
254.99999999999997, 84.9198113207547, 0.0, 1625758415.5069437
254.99999999999997, 84.9198113207547, 0.0, 1625758415.6105676
254.99999999999997, 84.9198113207547, 0.0, 1625758415.714588
254.99999999999997, 84.9198113207547, 0.0, 1625758415.8185263
254.99999999999997, 84.9198113207547, 0.0, 1625758415.9213402
254.99999999999997, 84.9198113207547, 0.0, 1625758416.0243545
254.99999999999997, 84.9198113207547, 0.0, 1625758416.1277094
254.99999999999997, 84.9198113207547, 0.0, 1625758416.23189
254.99999999999997, 84.9198113207547, 0.0, 1625758416.3353646
254.99999999999997, 84.9198113207547, 0.0, 1625758416.4381063
254.99999999999997, 84.9198113207547, 0.0, 1625758416.5410016
254.99999999999997, 84.9198113207547, 0.0, 1625758416.644036
254.99999999999997, 84.9198113207547, 0.0, 1625758416.7466457
254.99999999999997, 84.9198113207547, 0.0, 1625758416.849901
254.99999999999997, 84.9198113207547, 0.0, 1625758416.9535909
254.99999999999997, 84.9198113207547, 0.0, 1625758417.0569863
254.99999999999997, 84.9198113207547, 0.0, 1625758417.160303
254.99999999999997, 84.9198113207547, 0.0, 1625758417.2633162
254.99999999999997, 84.9198113207547, 0.0, 1625758417.3659966
254.99999999999997, 84.9198113207547, 0.0, 1625758417.468727
254.99999999999997, 84.9198113207547, 0.0, 1625758417.571715
254.99999999999997, 84.9198113207547, 0.0, 1625758417.6747975
254.99999999999997, 84.9198113207547, 0.0, 1625758417.777672
254.99999999999997, 84.9198113207547, 0.0, 1625758417.8806772
254.99999999999997, 84.9198113207547, 0.0, 1625758417.9846
254.99999999999997, 84.9198113207547, 0.0, 1625758418.0879219
254.99999999999997, 84.9198113207547, 0.0, 1625758418.190815
254.99999999999997, 84.9198113207547, 0.0, 1625758537.7586555
254.99999999999997, 84.9198113207547, 0.0, 1625758538.4382732
254.99999999999997, 84.9198113207547, 0.0, 1625758538.541783
254.99999999999997, 84.9198113207547, 0.0, 1625758538.6445768
254.99999999999997, 84.9198113207547, 0.0, 1625758538.7474277
254.99999999999997, 84.9198113207547, 0.0, 1625758538.8504384
254.99999999999997, 84.9198113207547, 0.0, 1625758538.953665
254.99999999999997, 84.9198113207547, 0.0, 1625758539.0561764
254.99999999999997, 84.9198113207547, 0.0, 1625758539.1593418
254.99999999999997, 84.9198113207547, 0.0, 1625758539.2646036
254.99999999999997, 84.9198113207547, 0.0, 1625758539.3678722
254.99999999999997, 84.9198113207547, 0.0, 1625758539.470755
254.99999999999997, 84.9198113207547, 0.0, 1625758539.5734236
254.99999999999997, 84.9198113207547, 0.0, 1625758539.6767597