
0.8287534134706076, 0.8613333333333357, 1.9441640377044678, 1625700575.2447844
0.8287534134706076, 0.8613333333333357, 2.4329824447631836, 1625700575.7329156
0.8287534134706076, 0.8613333333333357, 2.53498911857605, 1625700575.8348775
0.8287534134706076, 0.8613333333333357, 2.6371607780456543, 1625700575.9371188
0.8287534134706076, 0.8613333333333357, 2.7393906116485596, 1625700576.0393076
0.8287534134706076, 0.8613333333333357, 2.8414483070373535, 1625700576.1415918
0.8287534134706076, 0.8613333333333357, 2.943727731704712, 1625700576.243911
0.8287534134706076, 0.8613333333333357, 3.045771360397339, 1625700576.3456826
0.8287534134706076, 0.8613333333333357, 3.1475682258605957, 1625700576.4474916
0.8287534134706076, 0.8613333333333357, 3.2497241497039795, 1625700576.5499003
0.8287534134706076, 0.8613333333333357, 3.3518917560577393, 1625700576.6518044
0.8287534134706076, 0.8613333333333357, 3.453808069229126, 1625700576.7536817
0.8287534134706076, 0.8613333333333357, 3.555966377258301, 1625700576.8558939
0.8287534134706076, 0.8613333333333357, 3.657675266265869, 1625700576.9575522
0.8287534134706076, 0.8613333333333357, 3.7597551345825195, 1625700577.059734
0.8287534134706076, 0.8613333333333357, 3.8619394302368164, 1625700577.1618211
0.8287534134706076, 0.8613333333333357, 3.9642252922058105, 1625700577.264115
0.8287534134706076, 0.8613333333333357, 4.066114902496338, 1625700577.3660293
0.8287534134706076, 0.8613333333333357, 4.168149709701538, 1625700577.4680502
0.8287534134706076, 0.8613333333333357, 4.27019476890564, 1625700577.5703514
0.8287534134706076, 0.8613333333333357, 4.3724377155303955, 1625700577.672637
0.8287534134706076, 0.8613333333333357, 4.474883556365967, 1625700577.774784
0.8287534134706076, 0.8613333333333357, 4.57754373550415, 1625700577.8776789
0.8287534134706076, 0.8613333333333357, 4.679527997970581, 1625700577.979413
0.8287534134706076, 0.8613333333333357, 4.781815528869629, 1625700578.081693
0.8287534134706076, 0.8613333333333357, 4.8838276863098145, 1625700578.1837037
0.8287534134706076, 0.8613333333333357, 4.985719442367554, 1625700578.2856326
0.8287534134706076, 0.8613333333333357, 5.0880045890808105, 1625700578.3880746
0.8287534134706076, 0.8613333333333357, 5.19014048576355, 1625700578.4901156
0.8287534134706076, 0.8613333333333357, 5.292156934738159, 1625700578.5920305
0.8287534134706076, 0.8613333333333357, 5.394292116165161, 1625700578.6941907
0.8287534134706076, 0.8613333333333357, 5.496816873550415, 1625700578.797313
0.8287534134706076, 0.8613333333333357, 5.600593566894531, 1625700578.9004827
0.8287534134706076, 0.8613333333333357, 5.702561616897583, 1625700579.0024474
0.8287534134706076, 0.8613333333333357, 5.8042895793914795, 1625700579.104354
0.8287534134706076, 0.8613333333333357, 5.906340599060059, 1625700579.2064404
0.8287534134706076, 0.8613333333333357, 6.008639097213745, 1625700579.3087845
0.8287534134706076, 0.8613333333333357, 6.110788345336914, 1625700579.4106777
0.8287534134706076, 0.8613333333333357, 6.21354341506958, 1625700579.513681
0.8287534134706076, 0.8613333333333357, 6.316341400146484, 1625700579.616556
0.8287534134706076, 0.8613333333333357, 6.418628692626953, 1625700579.718508
0.8287534134706076, 0.8613333333333357, 6.5206458568573, 1625700579.8205545
0.8287534134706076, 0.8613333333333357, 1.8362600803375244, 1625700591.613538
0.8287534134706076, 0.8613333333333357, 2.284451484680176, 1625700592.062074
0.8287534134706076, 0.8613333333333357, 2.386863946914673, 1625700592.164156
0.8287534134706076, 0.8613333333333357, 2.4889168739318848, 1625700592.2664418
0.8287534134706076, 0.8613333333333357, 2.5925140380859375, 1625700592.369872
0.8287534134706076, 0.8613333333333357, 2.69624924659729, 1625700592.473557
0.8287534134706076, 0.8613333333333357, 2.7987756729125977, 1625700592.5760825
0.8287534134706076, 0.8613333333333357, 2.9008429050445557, 1625700592.678123
0.8287534134706076, 0.8613333333333357, 3.0030429363250732, 1625700592.7803216
0.8287534134706076, 0.8613333333333357, 3.105072498321533, 1625700592.882465
0.8287534134706076, 0.8613333333333357, 3.2069807052612305, 1625700592.9846654
0.8287534134706076, 0.8613333333333357, 3.3094096183776855, 1625700593.0867345
0.8287534134706076, 0.8613333333333357, 3.411356210708618, 1625700593.1888874
0.8287534134706076, 0.8613333333333357, 3.5139577388763428, 1625700593.2913537
0.8287534134706076, 0.8613333333333357, 3.6162192821502686, 1625700593.3936002
0.8287534134706076, 0.8613333333333357, 3.7187106609344482, 1625700593.4960968
0.8287534134706076, 0.8613333333333357, 3.820956230163574, 1625700593.5982494
0.8287534134706076, 0.8613333333333357, 3.924299955368042, 1625700593.701631
0.8287534134706076, 0.8613333333333357, 4.0266501903533936, 1625700593.804106
0.8287534134706076, 0.8613333333333357, 4.128667593002319, 1625700593.905969
0.8287534134706076, 0.8613333333333357, 4.230772972106934, 1625700594.008062
0.8287534134706076, 0.8613333333333357, 4.332749128341675, 1625700594.1100492
0.8287534134706076, 0.8613333333333357, 4.434980154037476, 1625700594.2123432
0.8287534134706076, 0.8613333333333357, 4.53689169883728, 1625700594.3145783
0.8287534134706076, 0.8613333333333357, 4.639728784561157, 1625700594.4170785
0.8287534134706076, 0.8613333333333357, 4.741833925247192, 1625700594.5196817
0.8287534134706076, 0.8613333333333357, 4.8446173667907715, 1625700594.621932
0.8287534134706076, 0.8613333333333357, 4.9463489055633545, 1625700594.7236736
0.8287534134706076, 0.8613333333333357, 5.048447370529175, 1625700594.8257678
0.8287534134706076, 0.8613333333333357, 5.150619029998779, 1625700594.9279602
0.8287534134706076, 0.8613333333333357, 5.25268292427063, 1625700595.0300102
0.8287534134706076, 0.8613333333333357, 5.354424238204956, 1625700595.1317005
0.8287534134706076, 0.8613333333333357, 5.456319808959961, 1625700595.2336
0.8287534134706076, 0.8613333333333357, 5.558536052703857, 1625700595.3358564
0.8287534134706076, 0.8613333333333357, 5.660740613937378, 1625700595.4380958
0.8287534134706076, 0.8613333333333357, 5.762768268585205, 1625700595.5403688
0.8287534134706076, 0.8613333333333357, 5.8656005859375, 1625700595.642949
0.8287534134706076, 0.8613333333333357, 1.8243451118469238, 1625700607.9627662
0.8287534134706076, 0.8613333333333357, 2.303349494934082, 1625700608.4418795
0.8287534134706076, 0.8613333333333357, 2.405742645263672, 1625700608.5443726
0.8287534134706076, 0.8613333333333357, 2.509608507156372, 1625700608.648042
0.8287534134706076, 0.8613333333333357, 2.611536979675293, 1625700608.7499726
0.8287534134706076, 0.8613333333333357, 2.713663101196289, 1625700608.8521602
0.8287534134706076, 0.8613333333333357, 2.8156418800354004, 1625700608.9540606
0.8287534134706076, 0.8613333333333357, 2.917614459991455, 1625700609.056086
0.8287534134706076, 0.8613333333333357, 3.0196454524993896, 1625700609.1580596
0.8287534134706076, 0.8613333333333357, 3.1220650672912598, 1625700609.2606533
0.8287534134706076, 0.8613333333333357, 3.2242581844329834, 1625700609.3627796
0.8287534134706076, 0.8613333333333357, 3.326143980026245, 1625700609.4645975
0.8287534134706076, 0.8613333333333357, 3.4281625747680664, 1625700609.5668347
0.8287534134706076, 0.8613333333333357, 3.531299114227295, 1625700609.670168
0.8287534134706076, 0.8613333333333357, 3.633657217025757, 1625700609.7726154
0.8287534134706076, 0.8613333333333357, 3.7360074520111084, 1625700609.8744261
0.8287534134706076, 0.8613333333333357, 3.8381547927856445, 1625700609.9765851
0.8287534134706076, 0.8613333333333357, 3.9399309158325195, 1625700610.0783556
0.8287534134706076, 0.8613333333333357, 4.042733669281006, 1625700610.1812284
0.8287534134706076, 0.8613333333333357, 4.145222425460815, 1625700610.2837489
0.8287534134706076, 0.8613333333333357, 4.247556924819946, 1625700610.3860338
0.8287534134706076, 0.8613333333333357, 4.349774599075317, 1625700610.4882355
0.8287534134706076, 0.8613333333333357, 4.451904058456421, 1625700610.5903287
0.8287534134706076, 0.8613333333333357, 4.553800821304321, 1625700610.692221
0.8287534134706076, 0.8613333333333357, 4.655836820602417, 1625700610.7943163
0.8287534134706076, 0.8613333333333357, 4.757809638977051, 1625700610.89643
0.8287534134706076, 0.8613333333333357, 4.860135078430176, 1625700610.9987776
0.8287534134706076, 0.8613333333333357, 4.962509393692017, 1625700611.1009405
0.8287534134706076, 0.8613333333333357, 5.06442928314209, 1625700611.203068
0.8287534134706076, 0.8613333333333357, 5.166757822036743, 1625700611.3052764
0.8287534134706076, 0.8613333333333357, 5.268790245056152, 1625700611.407541
0.8287534134706076, 0.8613333333333357, 5.37128472328186, 1625700611.5097203
0.8287534134706076, 0.8613333333333357, 5.473140001296997, 1625700611.6116712
0.8287534134706076, 0.8613333333333357, 5.575010061264038, 1625700611.713668
0.8287534134706076, 0.8613333333333357, 5.677317142486572, 1625700611.815782
0.8287534134706076, 0.8613333333333357, 5.779371500015259, 1625700611.9180782
0.8287534134706076, 0.8613333333333357, 5.882103681564331, 1625700612.0205774
0.8287534134706076, 0.8613333333333357, 5.9844651222229, 1625700612.1228945
0.8287534134706076, 0.8613333333333357, 1.834528923034668, 1625700707.9176357
0.8287534134706076, 0.8613333333333357, 2.291072368621826, 1625700708.3742173
0.8287534134706076, 0.8613333333333357, 2.3936119079589844, 1625700708.476595
0.8287534134706076, 0.8613333333333357, 2.4960126876831055, 1625700708.5789928
0.8287534134706076, 0.8613333333333357, 2.5982072353363037, 1625700708.6811814
0.8287534134706076, 0.8613333333333357, 2.7006449699401855, 1625700708.7838569
0.8287534134706076, 0.8613333333333357, 2.8028805255889893, 1625700708.8859632
0.8287534134706076, 0.8613333333333357, 2.904752731323242, 1625700708.9877589
0.8287534134706076, 0.8613333333333357, 3.0079987049102783, 1625700709.0912826
0.8287534134706076, 0.8613333333333357, 3.111517906188965, 1625700709.194833
0.8287534134706076, 0.8613333333333357, 3.2143454551696777, 1625700709.2973514
0.8287534134706076, 0.8613333333333357, 3.317369222640991, 1625700709.4006526
0.8287534134706076, 0.8613333333333357, 3.4212892055511475, 1625700709.5042691
0.8287534134706076, 0.8613333333333357, 3.5234858989715576, 1625700709.606469
0.8287534134706076, 0.8613333333333357, 3.625767707824707, 1625700709.7087667
0.8287534134706076, 0.8613333333333357, 3.728367328643799, 1625700709.8113854
0.8287534134706076, 0.8613333333333357, 3.8303325176239014, 1625700709.913635
0.8287534134706076, 0.8613333333333357, 3.9329745769500732, 1625700710.015953
0.8287534134706076, 0.8613333333333357, 4.0352277755737305, 1625700710.1184783
0.8287534134706076, 0.8613333333333357, 4.1375510692596436, 1625700710.2205849
0.8287534134706076, 0.8613333333333357, 4.239655017852783, 1625700710.3226326
0.8287534134706076, 0.8613333333333357, 4.341981887817383, 1625700710.4250169
0.8287534134706076, 0.8613333333333357, 4.444087743759155, 1625700710.5270638
0.8287534134706076, 0.8613333333333357, 4.546192646026611, 1625700710.6291645
0.8287534134706076, 0.8613333333333357, 4.648087978363037, 1625700710.7315135
0.8287534134706076, 0.8613333333333357, 4.751841068267822, 1625700710.8349168
0.8287534134706076, 0.8613333333333357, 4.853830575942993, 1625700710.9368033
0.8287534134706076, 0.8613333333333357, 4.955690622329712, 1625700711.0386686
0.8287534134706076, 0.8613333333333357, 5.058049917221069, 1625700711.141286
0.8287534134706076, 0.8613333333333357, 5.160804271697998, 1625700711.2438357
0.22910194518896881, 0.2800000000000003, 1.8416876792907715, 1625758194.4065578
0.16903913181006253, 0.2533333333333339, 2.6361594200134277, 1625758195.2012544
0.16719948329700857, 0.2500000000000006, 2.7407243251800537, 1625758195.3052735
0.1666732463812876, 0.24666666666666726, 2.844480514526367, 1625758195.4090185
0.16746249787959128, 0.2433333333333339, 2.9474496841430664, 1625758195.512015
0.17110468526404304, 0.23833333333333387, 3.050463914871216, 1625758195.6151035
0.17515770907113987, 0.23500000000000051, 3.1545090675354004, 1625758195.7189553
0.18049273699420632, 0.23166666666666716, 3.2605783939361572, 1625758195.8252883
0.1870887141153736, 0.2283333333333338, 3.364030599594116, 1625758195.9287753
0.19491960912635925, 0.22500000000000045, 3.468118906021118, 1625758196.0325432
0.2039545170621505, 0.2216666666666671, 3.571918487548828, 1625758196.1364906
0.21968513923394034, 0.21666666666666706, 3.6752490997314453, 1625758196.2399118
0.23156403809629117, 0.2133333333333337, 3.7797183990478516, 1625758196.3447452
0.24450233106354752, 0.21000000000000035, 3.884603977203369, 1625758196.4490523
0.2584489566043159, 0.206666666666667, 3.988725423812866, 1625758196.5531597
0.2733488737591906, 0.20333333333333364, 4.0920984745025635, 1625758196.6565719
0.2973565674351295, 0.1983333333333336, 4.195081949234009, 1625758196.7595332
0.31437479450393413, 0.19500000000000026, 4.29938006401062, 1625758196.864013
0.33212559945474396, 0.1916666666666669, 4.404108762741089, 1625758196.9687672
0.35053892796998565, 0.18833333333333355, 4.507609605789185, 1625758197.0722528
0.36954211105426527, 0.1850000000000002, 4.610880613327026, 1625758197.1755087
0.3989882434557384, 0.18000000000000016, 4.714661359786987, 1625758197.2793682
0.41913358973486153, 0.1766666666666668, 4.818282127380371, 1625758197.3827255
0.4395980787909526, 0.17333333333333345, 4.922488212585449, 1625758197.4869888
0.46030094663504284, 0.1700000000000001, 5.0260255336761475, 1625758197.5905502
0.4811604885059899, 0.16666666666666674, 5.1289732456207275, 1625758197.6937532
0.5125633942233112, 0.1616666666666667, 5.232767343521118, 1625758197.7972858
0.5334539049504033, 0.15833333333333335, 5.336430788040161, 1625758197.900959
0.554212388398294, 0.155, 5.440527677536011, 1625758198.0050683
0.5747569203164586, 0.15166666666666664, 5.544993877410889, 1625758198.1095803
0.5950064208233223, 0.1483333333333333, 5.648333787918091, 1625758198.2130709
0.6246530685792654, 0.14333333333333326, 5.753079175949097, 1625758198.3175836
0.6438186818936547, 0.1399999999999999, 5.857439994812012, 1625758198.4219384
0.6624167085751093, 0.13666666666666655, 5.961240768432617, 1625758198.5259154
0.680373750708956, 0.1333333333333332, 6.065859794616699, 1625758198.6305735
0.7059532043634473, 0.12833333333333316, 6.169261693954468, 1625758198.7338893
0.7220039558114169, 0.12499999999999982, 6.275760889053345, 1625758198.840319
0.7371785590697606, 0.12166666666666649, 6.37988543510437, 1625758198.944341
0.7514171269120327, 0.11833333333333317, 6.483218669891357, 1625758199.0475905
0.7646634662159453, 0.11499999999999984, 6.585918188095093, 1625758199.150328
0.7825593120283596, 0.10999999999999985, 6.68952751159668, 1625758199.2541444
0.7931054367301846, 0.10666666666666652, 6.793018341064453, 1625758199.3574517
0.8024948081803731, 0.1033333333333332, 6.896678686141968, 1625758199.4611855
0.8106903708194038, 0.09999999999999987, 7.0001935958862305, 1625758199.5648735
0.8176597805057401, 0.09666666666666654, 7.103358745574951, 1625758199.667799
0.8233755321633687, 0.09333333333333321, 7.206373691558838, 1625758199.7709343
0.8295505815793043, 0.08833333333333322, 7.309824705123901, 1625758199.874344
0.8320445363810576, 0.0849999999999999, 7.414217710494995, 1625758199.9787703
0.8332280630944333, 0.08166666666666657, 7.5174548625946045, 1625758200.0819132
0.8330964908801963, 0.07833333333333324, 7.620633602142334, 1625758200.185048
0.8304358770231686, 0.07333333333333325, 7.724295139312744, 1625758200.2888691
0.8270301724811113, 0.06999999999999992, 7.827836036682129, 1625758200.392485
0.8223338292541452, 0.0666666666666666, 7.933284521102905, 1625758200.4978745
0.8163653816634329, 0.06333333333333327, 8.036872148513794, 1625758200.6013308
0.8091483844448875, 0.05999999999999994, 8.140869617462158, 1625758200.7054114
0.79604548293785, 0.05499999999999995, 8.24419379234314, 1625758200.8086617
0.7858422187312191, 0.051666666666666625, 8.348005056381226, 1625758200.9125283
0.7745108658761423, 0.0483333333333333, 8.452905893325806, 1625758201.017435
0.7620961440455403, 0.04499999999999997, 8.556294679641724, 1625758201.1209807
0.741551043395685, 0.03999999999999998, 8.660218000411987, 1625758201.2247996
0.7266511262408069, 0.03666666666666665, 8.764903783798218, 1625758201.329582
0.7108567206377078, 0.033333333333333326, 8.869535446166992, 1625758201.434115
0.6942301598895261, 0.029999999999999995, 8.974259376525879, 1625758201.5387397
0.6768370614355799, 0.02666666666666666, 9.078010320663452, 1625758201.6424901
0.658746067889314, 0.023333333333333327, 9.182026147842407, 1625758201.7470007
0.6304578889457358, 0.018333333333333326, 9.286242961883545, 1625758201.8507338
0.6109398481743297, 0.014999999999999993, 9.389979839324951, 1625758201.954498
0.5909839785057771, 0.011666666666666659, 9.495520830154419, 1625758202.0599132
0.5706690366406859, 0.008333333333333325, 9.59827446937561, 1625758202.1629443
0.5396990533649584, 0.0033333333333333236, 9.702093124389648, 1625758202.2665122
0.5292837321835799, 0.0016666666666666568, 9.804791927337646, 1625758202.369519
0.5292837321835799, 0.0016666666666666568, 9.907915353775024, 1625758202.4727278
0.5292837321835799, 0.0016666666666666568, 10.011255264282227, 1625758202.5757554
0.5292837321835799, 0.0016666666666666568, 10.114742755889893, 1625758202.6795242
0.5292837321835799, 0.0016666666666666568, 10.217896461486816, 1625758202.7822928
0.5292837321835799, 0.0016666666666666568, 10.32164192199707, 1625758202.886133
0.5292837321835799, 0.0016666666666666568, 10.425484418869019, 1625758202.9899647
0.5396990533649584, 0.0033333333333333236, 10.529731750488281, 1625758203.0943499
0.5604019212090463, 0.0066666666666666576, 10.633064270019531, 1625758203.1980639
0.5808664102651351, 0.009999999999999992, 10.736806392669678, 1625758203.3016696
0.6010117565442582, 0.013333333333333326, 10.840727806091309, 1625758203.405521
0.6304578889457358, 0.018333333333333326, 10.94445538520813, 1625758203.509336
0.6494610720300112, 0.02166666666666666, 11.048101902008057, 1625758203.6125035
0.6678744005452529, 0.024999999999999994, 11.152158260345459, 1625758203.716618
0.6856252054960649, 0.02833333333333333, 11.255791902542114, 1625758203.820312
0.7026434325648715, 0.03166666666666666, 11.359641075134277, 1625758203.9240735
0.7266511262408069, 0.03666666666666665, 11.46361255645752, 1625758204.0281684
0.741551043395685, 0.03999999999999998, 11.567280292510986, 1625758204.1318474
0.7554976689364516, 0.04333333333333331, 11.671330690383911, 1625758204.2361562
0.7684359619037082, 0.046666666666666634, 11.776066541671753, 1625758204.3406549
0.7803148607660552, 0.04999999999999996, 11.880230903625488, 1625758204.4447339
0.7910874849366407, 0.05333333333333329, 11.983621835708618, 1625758204.548204
0.8050803908736384, 0.05833333333333328, 12.088381052017212, 1625758204.652884
0.8129112858846244, 0.061666666666666606, 12.19358229637146, 1625758204.7583406
0.8195072630057927, 0.06499999999999993, 12.297476768493652, 1625758204.8621297
0.8248422909288593, 0.06833333333333326, 12.401171445846558, 1625758204.966421
0.8304358770231686, 0.07333333333333325, 12.505329132080078, 1625758205.0698493
0.8325375021204084, 0.07666666666666658, 12.608970403671265, 1625758205.1734886
0.8333267536187123, 0.0799999999999999, 12.712242364883423, 1625758205.2768013
0.8328005167029916, 0.08333333333333323, 12.815954685211182, 1625758205.3805306
0.8309608681899379, 0.08666666666666656, 12.919281005859375, 1625758205.484016
0.8278150683317764, 0.08999999999999989, 13.023268222808838, 1625758205.587695
0.8206758905286946, 0.09499999999999988, 13.12638258934021, 1625758205.690941
0.8143301786309544, 0.0983333333333332, 13.229403972625732, 1625758205.7942507
0.8067439491219568, 0.10166666666666653, 13.334429502487183, 1625758205.8990016
0.797947141383754, 0.10499999999999986, 13.438204765319824, 1625758206.002667
0.7879744723976119, 0.10833333333333318, 13.541847467422485, 1625758206.1064825
0.7768652997319383, 0.11166666666666651, 13.645439147949219, 1625758206.2108178
0.7646634662159453, 0.11499999999999984, 13.749746799468994, 1625758206.3142357
0.7444184487408525, 0.11999999999999983, 13.852665424346924, 1625758206.4173932
0.7297046027957829, 0.12333333333333316, 13.956674337387085, 1625758206.5211976
0.7140842177255292, 0.12666666666666648, 14.060818433761597, 1625758206.6252444
0.6976189400536847, 0.12999999999999984, 14.163879871368408, 1625758206.7291656
0.680373750708956, 0.1333333333333332, 14.267903327941895, 1625758206.832754
0.6531932868738294, 0.13833333333333322, 14.37227725982666, 1625758206.936678
0.6343021452378844, 0.14166666666666658, 14.47560167312622, 1625758207.0400627
0.6148809743915038, 0.14499999999999993, 14.578750371932983, 1625758207.143401
0.5950064208233223, 0.1483333333333333, 14.682970523834229, 1625758207.247453
0.5645164893502844, 0.15333333333333332, 14.786500453948975, 1625758207.3509073
0.5438547863640908, 0.15666666666666668, 14.891053199768066, 1625758207.4556487
0.5230200085714665, 0.16000000000000003, 14.994527578353882, 1625758207.5594301
0.5020943813218521, 0.16333333333333339, 15.09859824180603, 1625758207.6630747
0.4811604885059899, 0.16666666666666674, 15.201593399047852, 1625758207.7660134
0.44992480362641085, 0.17166666666666677, 15.305150270462036, 1625758207.8696663
0.429330963359313, 0.17500000000000013, 15.408530712127686, 1625758207.973015
0.40901602149422406, 0.17833333333333348, 15.512599468231201, 1625758208.0771422
0.3890601518256693, 0.18166666666666684, 15.61596965789795, 1625758208.1806507
0.36954211105426527, 0.1850000000000002, 15.719260931015015, 1625758208.283661
0.341253932110685, 0.19000000000000022, 15.822770118713379, 1625758208.38747
0.32316293856442124, 0.19333333333333358, 15.927062273025513, 1625758208.4916348
0.30576984011047303, 0.19666666666666693, 16.030557870864868, 1625758208.5952263
0.2891432793622877, 0.2000000000000003, 16.133984565734863, 1625758208.6984413
0.2733488737591906, 0.20333333333333364, 16.236819744110107, 1625758208.801248
0.25135295152527193, 0.20833333333333368, 16.34017539024353, 1625758208.9046361
0.23790385595445762, 0.21166666666666703, 16.443875074386597, 1625758209.0085936
0.22548913412385574, 0.21500000000000039, 16.54804491996765, 1625758209.1124759
0.21415778126878043, 0.21833333333333374, 16.651158094406128, 1625758209.2156444
0.2039545170621505, 0.2216666666666671, 16.753753423690796, 1625758209.3184912
0.1908516155551112, 0.22666666666666713, 16.85732626914978, 1625758209.4219558
0.18363461833656747, 0.23000000000000048, 16.960465669631958, 1625758209.5253112
0.1776661707458539, 0.23333333333333384, 17.064693450927734, 1625758209.6293442
0.17296982751888806, 0.2366666666666672, 17.16802477836609, 1625758209.7324574
0.16956412297683032, 0.24000000000000055, 17.271251440048218, 1625758209.8359938
0.16690350911980345, 0.24500000000000058, 17.37686586380005, 1625758209.941356
0.1667719369055668, 0.24833333333333393, 17.48028564453125, 1625758210.0450583
0.1679554636189432, 0.25166666666666726, 17.584614515304565, 1625758210.1491594
0.17044941842069633, 0.25500000000000056, 17.688233852386475, 1625758210.2526584
0.17662446783663216, 0.2600000000000005, 17.791474103927612, 1625758210.355952
0.1823402194942617, 0.2633333333333338, 17.895371198654175, 1625758210.4598382
0.18930962918059746, 0.2666666666666671, 17.998709201812744, 1625758210.563144
0.1975051918196304, 0.2700000000000004, 18.102694272994995, 1625758210.667104
0.20689456326981703, 0.2733333333333337, 18.20546841621399, 1625758210.7698674
0.2231347002680636, 0.27833333333333365, 18.308321714401245, 1625758210.8727193
0.23533653378405822, 0.28166666666666695, 18.41240382194519, 1625758210.9768922
0.24858287308796656, 0.28500000000000025, 18.515894412994385, 1625758211.0803971
0.2628214409302403, 0.28833333333333355, 18.618905782699585, 1625758211.1838136
0.28591578227447345, 0.2933333333333335, 18.722342491149902, 1625758211.287047
0.30238105994631614, 0.2966666666666668, 18.82552695274353, 1625758211.39004
0.319626249291043, 0.3000000000000001, 18.928853511810303, 1625758211.4933436
0.33758329142488974, 0.3033333333333334, 19.033175230026245, 1625758211.597636
0.35618131810634845, 0.3066666666666667, 19.13608980178833, 1625758211.700879
0.38511902560849287, 0.31166666666666665, 19.24028515815735, 1625758211.8048255
0.40499357917667644, 0.31499999999999995, 19.343749284744263, 1625758211.9082792
0.4252430796835402, 0.31833333333333325, 19.44759178161621, 1625758212.0119748
0.4457876116017071, 0.32166666666666655, 19.55040955543518, 1625758212.1150763
0.47697999142853464, 0.3266666666666665, 19.653193473815918, 1625758212.2178638
0.49790561867814426, 0.3299999999999998, 19.75697946548462, 1625758212.3214402
0.5188395114940089, 0.3333333333333331, 19.859920501708984, 1625758212.4249465
0.5396990533649583, 0.3366666666666664, 19.963395833969116, 1625758212.5281549
0.5604019212090462, 0.3399999999999997, 20.06702423095703, 1625758212.631465
0.5909839785057748, 0.34499999999999964, 20.16994595527649, 1625758212.7343516
0.6109398481743273, 0.34833333333333294, 20.272829055786133, 1625758212.8376374
0.6304578889457314, 0.35166666666666624, 20.377185344696045, 1625758212.9416928
0.649461072030009, 0.35499999999999954, 20.48053526878357, 1625758213.0449822
0.6678744005452529, 0.35833333333333284, 20.58349585533142, 1625758213.148053
0.6942301598895241, 0.3633333333333328, 20.686598300933838, 1625758213.2510407
0.7108567206377078, 0.3666666666666661, 20.790433645248413, 1625758213.3549607
0.7266511262408033, 0.3699999999999994, 20.894288301467896, 1625758213.4589603
0.74155104339568, 0.3733333333333327, 20.999430656433105, 1625758213.5638876
0.7554976689364485, 0.376666666666666, 21.103111505508423, 1625758213.6676052
0.28914327936222184, 1.2000000000000142, 1.8339216709136963, 1625758341.1097064
0.28914327936222184, 1.2000000000000142, 2.4080564975738525, 1625758341.6836674
0.28914327936222184, 1.2000000000000142, 2.5111424922943115, 1625758341.7868588
0.2973565674350601, 1.1983333333333475, 2.6143689155578613, 1625758341.8905954
0.2973565674350601, 1.1983333333333475, 2.7178914546966553, 1625758341.9934883
0.2973565674350601, 1.1983333333333475, 2.820251226425171, 1625758342.0960994
0.2973565674350601, 1.1983333333333475, 2.9231348037719727, 1625758342.199044
0.2973565674350601, 1.1983333333333475, 3.025902509689331, 1625758342.3017273
0.2973565674350601, 1.1983333333333475, 3.1285011768341064, 1625758342.4040766
0.2973565674350601, 1.1983333333333475, 3.23124361038208, 1625758342.5073795
0.2973565674350601, 1.1983333333333475, 3.33480167388916, 1625758342.6105688
0.2973565674350601, 1.1983333333333475, 3.437690019607544, 1625758342.7133024
0.2973565674350601, 1.1983333333333475, 3.54099702835083, 1625758342.8165703
0.305769840110402, 1.1966666666666808, 3.643810749053955, 1625758342.9194546
0.305769840110402, 1.1966666666666808, 3.7465932369232178, 1625758343.022197
0.305769840110402, 1.1966666666666808, 3.848839521408081, 1625758343.1246808
0.305769840110402, 1.1966666666666808, 3.9520623683929443, 1625758343.227692
0.305769840110402, 1.1966666666666808, 4.05541729927063, 1625758343.3309498
0.305769840110402, 1.1966666666666808, 4.158165693283081, 1625758343.4337764
0.305769840110402, 1.1966666666666808, 4.260961532592773, 1625758343.537218
0.305769840110402, 1.1966666666666808, 4.364444017410278, 1625758343.640442
0.305769840110402, 1.1966666666666808, 4.46751856803894, 1625758343.7434113
0.305769840110402, 1.1966666666666808, 4.570292234420776, 1625758343.846219
0.3143747945038635, 1.195000000000014, 4.6736226081848145, 1625758343.9493687
0.3143747945038635, 1.195000000000014, 4.776921510696411, 1625758344.0526223
0.3143747945038635, 1.195000000000014, 4.87930703163147, 1625758344.155298
0.3143747945038635, 1.195000000000014, 4.982496738433838, 1625758344.2583113
0.3143747945038635, 1.195000000000014, 5.085297346115112, 1625758344.3612418
0.3143747945038635, 1.195000000000014, 5.188262701034546, 1625758344.4638715
0.3143747945038635, 1.195000000000014, 5.291133403778076, 1625758344.5673556
0.3143747945038635, 1.195000000000014, 5.394925355911255, 1625758344.6705492
0.3143747945038635, 1.195000000000014, 5.498011827468872, 1625758344.773585
0.3231629385643471, 1.1933333333333473, 5.60081672668457, 1625758344.8767014
0.3231629385643471, 1.1933333333333473, 5.703415632247925, 1625758344.9792957
0.3231629385643471, 1.1933333333333473, 5.806204080581665, 1625758345.0820425
0.3231629385643471, 1.1933333333333473, 5.909008979797363, 1625758345.1849232
0.3231629385643471, 1.1933333333333473, 6.0118396282196045, 1625758345.287378
0.3231629385643471, 1.1933333333333473, 6.114358901977539, 1625758345.390281
0.3231629385643471, 1.1933333333333473, 6.217182159423828, 1625758345.4928534
0.3231629385643471, 1.1933333333333473, 6.320302963256836, 1625758345.596234
0.3231629385643471, 1.1933333333333473, 6.423413515090942, 1625758345.6990192
0.3231629385643471, 1.1933333333333473, 6.5257933139801025, 1625758345.8013887
0.3321255994546706, 1.1916666666666806, 6.628460645675659, 1625758345.904029
0.3321255994546706, 1.1916666666666806, 6.730949401855469, 1625758346.0075197
0.3321255994546706, 1.1916666666666806, 6.834554433822632, 1625758346.1105332
0.3321255994546706, 1.1916666666666806, 6.937813758850098, 1625758346.213432
0.3321255994546706, 1.1916666666666806, 7.041737794876099, 1625758346.3173015
0.3321255994546706, 1.1916666666666806, 7.144742488861084, 1625758346.420337
0.3321255994546706, 1.1916666666666806, 7.247205018997192, 1625758346.5230186
0.3321255994546706, 1.1916666666666806, 7.3503382205963135, 1625758346.6259587
0.3321255994546706, 1.1916666666666806, 7.453202724456787, 1625758346.7288103
0.3321255994546706, 1.1916666666666806, 7.5618414878845215, 1625758346.8375273
0.34125393211060817, 1.190000000000014, 7.66521430015564, 1625758346.940869
0.34125393211060817, 1.190000000000014, 7.768282651901245, 1625758347.0439272
0.34125393211060817, 1.190000000000014, 7.870931625366211, 1625758347.1464875
0.34125393211060817, 1.190000000000014, 7.973764181137085, 1625758347.249312
0.34125393211060817, 1.190000000000014, 8.076632976531982, 1625758347.352636
0.34125393211060817, 1.190000000000014, 8.179929733276367, 1625758347.4555707
0.34125393211060817, 1.190000000000014, 8.28293251991272, 1625758347.55865
0.34125393211060817, 1.190000000000014, 8.385598182678223, 1625758347.6616726
0.34125393211060817, 1.190000000000014, 8.48958158493042, 1625758347.7654507
0.3505389279699096, 1.1883333333333472, 8.593425273895264, 1625758347.8692052
0.3505389279699096, 1.1883333333333472, 8.696552753448486, 1625758347.9725828
0.3505389279699096, 1.1883333333333472, 8.800209999084473, 1625758348.0763543
0.3505389279699096, 1.1883333333333472, 8.90468692779541, 1625758348.1803327
0.3695421110541849, 1.1850000000000138, 9.008766412734985, 1625758348.284385
0.3890601518255891, 1.1816666666666804, 9.111651182174683, 1625758348.387237
0.4090160214941423, 1.178333333333347, 9.215596914291382, 1625758348.4913473
0.439598078790869, 1.1733333333333469, 9.320375919342041, 1625758348.596295
0.4603009466349584, 1.1700000000000135, 9.42635703086853, 1625758348.701903
0.4811604885059074, 1.16666666666668, 9.529514789581299, 1625758348.8052788
0.5020943813217671, 1.1633333333333467, 9.633051872253418, 1625758348.9088798
0.523020008571384, 1.1600000000000132, 9.736348628997803, 1625758349.0123978
0.5438547863640112, 1.1566666666666798, 9.839983701705933, 1625758349.1158838
0.5645164893502057, 1.1533333333333464, 9.943817377090454, 1625758349.2194707
0.5645164893502057, 1.1533333333333464, 10.047950506210327, 1625758349.3237598
0.5645164893502057, 1.1533333333333464, 10.152099132537842, 1625758349.4285517
0.5645164893502057, 1.1533333333333464, 10.256185293197632, 1625758349.532383
0.5645164893502057, 1.1533333333333464, 10.361249685287476, 1625758349.6370237
0.5645164893502057, 1.1533333333333464, 10.46496295928955, 1625758349.7407312
0.5645164893502057, 1.1533333333333464, 10.568535327911377, 1625758349.8441563
0.5645164893502057, 1.1533333333333464, 10.671578407287598, 1625758349.947223
0.5645164893502057, 1.1533333333333464, 10.77493667602539, 1625758350.0505607
0.5645164893502057, 1.1533333333333464, 10.879671096801758, 1625758350.1556904
0.5645164893502057, 1.1533333333333464, 10.983929634094238, 1625758350.2596006
0.5645164893502057, 1.1533333333333464, 11.088537693023682, 1625758350.3642626
0.5645164893502057, 1.1533333333333464, 11.192813396453857, 1625758350.4684644
0.5645164893502057, 1.1533333333333464, 11.296543836593628, 1625758350.5721457
0.5645164893502057, 1.1533333333333464, 11.400270700454712, 1625758350.6758242
0.5645164893502057, 1.1533333333333464, 11.503715515136719, 1625758350.7797036
0.5645164893502057, 1.1533333333333464, 11.60817003250122, 1625758350.884029
0.5645164893502057, 1.1533333333333464, 11.711848020553589, 1625758350.987926
0.5645164893502057, 1.1533333333333464, 11.815821170806885, 1625758351.091673
0.5645164893502057, 1.1533333333333464, 11.919799327850342, 1625758351.1954014
0.5645164893502057, 1.1533333333333464, 12.022921323776245, 1625758351.2990496
0.5645164893502057, 1.1533333333333464, 12.126964330673218, 1625758351.4025807
0.5645164893502057, 1.1533333333333464, 12.230409383773804, 1625758351.506394
0.5645164893502057, 1.1533333333333464, 12.334151268005371, 1625758351.6097627
0.5645164893502057, 1.1533333333333464, 12.437450408935547, 1625758351.7130892
0.5645164893502057, 1.1533333333333464, 12.540854930877686, 1625758351.8166654
0.5645164893502057, 1.1533333333333464, 12.645591259002686, 1625758351.9212449
0.5645164893502057, 1.1533333333333464, 12.74930214881897, 1625758352.0252626
0.5645164893502057, 1.1533333333333464, 12.852821111679077, 1625758352.1284595
0.5645164893502057, 1.1533333333333464, 12.95606279373169, 1625758352.2317414
0.5645164893502057, 1.1533333333333464, 13.05912160873413, 1625758352.3350394
0.5645164893502057, 1.1533333333333464, 13.162642002105713, 1625758352.438999
0.6930937241142274, 0.016666666666666666, 13.267714977264404, 1625758352.543435
0.6207584555681853, 0.016666666666666666, 13.371861696243286, 1625758352.6476853
0.6400285761372709, 0.02, 13.475130796432495, 1625758352.7511733
0.658746067889314, 0.023333333333333334, 13.578596115112305, 1625758352.854194
0.6768370614355799, 0.02666666666666667, 13.681245565414429, 1625758352.9571745
0.6942301598895261, 0.030000000000000002, 13.784555435180664, 1625758353.060139
0.7188619185843207, 0.034999999999999996, 13.88759183883667, 1625758353.1631825
0.7342166565996155, 0.03833333333333332, 13.990766048431396, 1625758353.2665553
0.7486470484747288, 0.04166666666666665, 14.094484806060791, 1625758353.3702312
0.7620961440455403, 0.04499999999999998, 14.198127746582031, 1625758353.4738777
0.7745108658761423, 0.048333333333333305, 14.301539182662964, 1625758353.5772386
0.7858422187312191, 0.05166666666666663, 14.404499292373657, 1625758353.6801772
0.79604548293785, 0.05499999999999996, 14.509121179580688, 1625758353.7849586
0.8091483844448875, 0.05999999999999995, 14.614080429077148, 1625758353.8897161
0.8163653816634329, 0.06333333333333328, 14.717221736907959, 1625758353.992907
0.8223338292541452, 0.06666666666666661, 14.82090139389038, 1625758354.0967057
0.8270301724811113, 0.06999999999999994, 14.925429105758667, 1625758354.2012203
0.8304358770231686, 0.07333333333333326, 15.028743028640747, 1625758354.3043077
0.8325375021204084, 0.07666666666666659, 15.131968975067139, 1625758354.4075067
0.8333267536187123, 0.07999999999999992, 15.234326601028442, 1625758354.5102239
0.8320445363810576, 0.08499999999999991, 15.337339878082275, 1625758354.6129904
0.8295505815793043, 0.08833333333333324, 15.441232681274414, 1625758354.7169778
0.8257560411893975, 0.09166666666666656, 15.54453992843628, 1625758354.8201478
0.8206758905286946, 0.09499999999999989, 15.647992610931396, 1625758354.9236279
0.8143301786309544, 0.09833333333333322, 15.751798868179321, 1625758355.027428
0.8024948081803731, 0.10333333333333321, 15.8560152053833, 1625758355.1318252
0.7931054367301846, 0.10666666666666653, 15.95934009552002, 1625758355.2351964
0.7825593120283596, 0.10999999999999986, 16.063167572021484, 1625758355.3389752
0.7708980548110305, 0.11333333333333319, 16.16729712486267, 1625758355.4429252
0.7581676867329112, 0.11666666666666652, 16.2710063457489, 1625758355.5467587
0.7444184487408525, 0.11999999999999984, 16.37477970123291, 1625758355.6505425
0.7297046027957829, 0.12333333333333317, 16.478581428527832, 1625758355.754387
0.7140842177255292, 0.1266666666666665, 16.58383584022522, 1625758355.8596847
0.6890896497089187, 0.13166666666666654, 16.68753480911255, 1625758355.9632187
0.6714798445938344, 0.1349999999999999, 16.79099130630493, 1625758356.0666387
0.6531932868738294, 0.13833333333333325, 16.894418001174927, 1625758356.1700926
0.6343021452378844, 0.1416666666666666, 16.997869968414307, 1625758356.2735007
0.6148809743915038, 0.14499999999999996, 17.102028369903564, 1625758356.3781214
0.584923575227795, 0.15, 17.20598793029785, 1625758356.4815593
0.5645164893502844, 0.15333333333333335, 17.30919599533081, 1625758356.5847974
0.5438547863640908, 0.1566666666666667, 17.412562608718872, 1625758356.688167
0.5230200085714665, 0.16000000000000006, 17.516055822372437, 1625758356.791676
0.5020943813218521, 0.1633333333333334, 17.61888360977173, 1625758356.8947945
0.4707162678164165, 0.16833333333333345, 17.72214674949646, 1625758356.9981554
0.44992480362641085, 0.1716666666666668, 17.82672882080078, 1625758357.1023564
0.429330963359313, 0.17500000000000016, 17.92956566810608, 1625758357.2055619
0.40901602149422406, 0.1783333333333335, 18.03337812423706, 1625758357.3089159
0.3890601518256693, 0.18166666666666687, 18.136317253112793, 1625758357.4119477
0.36954211105426527, 0.18500000000000022, 18.23942732810974, 1625758357.5153272
0.341253932110685, 0.19000000000000025, 18.342941999435425, 1625758357.6185658
0.32316293856441713, 0.1933333333333336, 18.446401119232178, 1625758357.721986
0.30576984011047303, 0.19666666666666696, 18.548961400985718, 1625758357.824523
0.2891432793622877, 0.20000000000000032, 18.65197491645813, 1625758357.9275885
0.26578334340038023, 0.20500000000000035, 18.7554030418396, 1625758358.0311341
0.2513529515252688, 0.2083333333333337, 18.85861563682556, 1625758358.1343007
0.23790385595445762, 0.21166666666666706, 18.961453437805176, 1625758358.2373598
0.22548913412385574, 0.2150000000000004, 19.0644052028656, 1625758358.3402317
0.20891251506335767, 0.22000000000000045, 19.16766619682312, 1625758358.443652
0.1992886802105966, 0.2233333333333338, 19.271528244018555, 1625758358.5471394
0.1908516155551112, 0.22666666666666715, 19.374430179595947, 1625758358.650213
0.18049273699420632, 0.2316666666666672, 19.477411031723022, 1625758358.753158
0.17515770907113987, 0.23500000000000054, 19.58111262321472, 1625758358.8574443
0.17110468526404304, 0.2383333333333339, 19.685051202774048, 1625758358.9610312
0.16834966100623283, 0.24166666666666725, 19.788252592086792, 1625758359.0637784
0.16690350911980345, 0.2450000000000006, 19.891200304031372, 1625758359.1668665
0.16719948329700857, 0.2500000000000006, 19.994266748428345, 1625758359.270219
0.16903913181006253, 0.2533333333333339, 20.09836435317993, 1625758359.374038
0.1721849316682243, 0.2566666666666672, 20.20111918449402, 1625758359.4769652
0.17662446783663216, 0.2600000000000005, 20.304495334625244, 1625758359.580335
0.1856698213690468, 0.26500000000000046, 20.407691955566406, 1625758359.6836681
0.1932560508780437, 0.26833333333333376, 20.511280059814453, 1625758359.7869258
0.2020528586162475, 0.27166666666666706, 20.615220308303833, 1625758359.8908412
0.2120255276023899, 0.27500000000000036, 20.71841859817505, 1625758359.9939597
0.22910194518896881, 0.2800000000000003, 20.821694374084473, 1625758360.0972695
0.24183231326709104, 0.2833333333333336, 20.92490291595459, 1625758360.200643
0.25558155125914983, 0.2866666666666669, 21.02814817428589, 1625758360.3036833
0.2702953972042197, 0.2900000000000002, 21.13113832473755, 1625758360.406719
0.29404679563655545, 0.29500000000000015, 21.233798503875732, 1625758360.5098138
0.31091035029108227, 0.29833333333333345, 21.337275743484497, 1625758360.6133213
0.32852015540616863, 0.30166666666666675, 21.440871238708496, 1625758360.716441
0.3468067131261738, 0.30500000000000005, 21.543253421783447, 1625758360.8191023
0.3753469314207335, 0.31, 21.646292686462402, 1625758360.922004
0.3950044934482353, 0.3133333333333333, 21.750317573547363, 1625758361.026137
0.415076424772206, 0.3166666666666666, 21.855515718460083, 1625758361.13117
0.435483510649712, 0.3199999999999999, 21.95811438560486, 1625758361.2336776
0.46654609504959543, 0.32499999999999984, 22.060878038406372, 1625758361.33648
0.48743660577668757, 0.32833333333333314, 22.16429352760315, 1625758361.4398434
0.5083766984811127, 0.33166666666666644, 22.267985105514526, 1625758361.543579
0.5292837321835823, 0.33499999999999974, 22.370917320251465, 1625758361.6464925
0.5604019212090462, 0.3399999999999997, 22.47531819343567, 1625758361.7509055
0.580866410265135, 0.343333333333333, 22.578665256500244, 1625758361.8544793
0.6010117565442582, 0.3466666666666663, 22.68167543411255, 1625758361.9572406
0.6207584555681809, 0.3499999999999996, 22.784829139709473, 1625758362.0606601
0.649461072030009, 0.35499999999999954, 22.887714385986328, 1625758362.1635284
0.6678744005452529, 0.35833333333333284, 22.991966247558594, 1625758362.2676864
0.6856252054960629, 0.36166666666666614, 23.09525179862976, 1625758362.370951
0.7026434325648657, 0.36499999999999944, 23.1978120803833, 1625758362.47344
0.7266511262408033, 0.3699999999999994, 23.300441026687622, 1625758362.576172
0.74155104339568, 0.3733333333333327, 23.404283046722412, 1625758362.679889
0.7554976689364485, 0.376666666666666, 23.507277965545654, 1625758362.782892
0.7684359619037067, 0.3799999999999993, 23.60977840423584, 1625758362.8853285
0.7858422187312153, 0.38499999999999923, 23.712761878967285, 1625758362.9883642
0.7960454829378467, 0.38833333333333253, 23.816364288330078, 1625758363.092068
0.8050803908736375, 0.39166666666666583, 23.91984534263611, 1625758363.1958058
0.8129112858846228, 0.39499999999999913, 24.023221015930176, 1625758363.2987733
0.822333829254144, 0.3999999999999991, 24.125987768173218, 1625758363.4018996
0.8270301724811103, 0.4033333333333324, 24.229119777679443, 1625758363.504694
0.8304358770231683, 0.4066666666666657, 24.331780195236206, 1625758363.607448
0.8330964908801963, 0.4116666666666656, 24.434836626052856, 1625758363.7117925
0.8332280630944334, 0.4149999999999989, 24.540230989456177, 1625758363.8159995
0.832044536381058, 0.4183333333333322, 24.643396615982056, 1625758363.919313
0.8295505815793054, 0.4216666666666655, 24.74634838104248, 1625758364.0219555
0.8233755321633704, 0.4266666666666655, 24.849353790283203, 1625758364.1249964
0.8176597805057415, 0.42999999999999877, 24.952813863754272, 1625758364.2286236
0.8106903708194055, 0.43333333333333207, 25.056024074554443, 1625758364.3320098
0.802494808180376, 0.43666666666666537, 25.159082174301147, 1625758364.4347095
0.7879744723976143, 0.4416666666666653, 25.261921405792236, 1625758364.5376928
0.7768652997319423, 0.4449999999999986, 25.365087270736694, 1625758364.640682
0.7646634662159497, 0.4483333333333319, 25.468016862869263, 1625758364.743569
0.7514171269120389, 0.4516666666666652, 25.571250915527344, 1625758364.8474271
0.7297046027957881, 0.45666666666666517, 25.67505431175232, 1625758364.9507513
0.7140842177255348, 0.45999999999999847, 25.777800798416138, 1625758365.0535982
0.6976189400536925, 0.46333333333333176, 25.881112337112427, 1625758365.1568615
0.6714798445938426, 0.4683333333333317, 25.984132289886475, 1625758365.2597036
0.6531932868738378, 0.471666666666665, 26.087843656539917, 1625758365.3635008
0.6343021452378954, 0.4749999999999983, 26.192044734954834, 1625758365.4678583
0.6148809743915149, 0.4783333333333316, 26.29491376876831, 1625758365.5709393
0.5849235752278044, 0.48333333333333156, 26.39822793006897, 1625758365.673902
0.5645164893502939, 0.48666666666666486, 26.50140881538391, 1625758365.7770224
0.5438547863641072, 0.48999999999999816, 26.604690074920654, 1625758365.8802774
0.5230200085714783, 0.49333333333333146, 26.707616806030273, 1625758365.9831572
0.5020943813218617, 0.49666666666666476, 26.810522079467773, 1625758366.0861235
0.4707162678164308, 0.5016666666666647, 26.913683891296387, 1625758366.189315
0.449924803626425, 0.5049999999999981, 27.016401290893555, 1625758366.2919593
0.42933096335932464, 0.5083333333333315, 27.119003772735596, 1625758366.3948135
0.4090160214942333, 0.5116666666666649, 27.221484422683716, 1625758366.4970992
0.3792415444318269, 0.516666666666665, 27.32439637184143, 1625758366.6005514
0.35997142386273673, 0.5199999999999985, 27.428195476531982, 1625758366.7041745
0.34125393211069543, 0.5233333333333319, 27.531920671463013, 1625758366.8076024
0.32316293856442724, 0.5266666666666653, 27.635154485702515, 1625758366.910814
0.29735656743513716, 0.5316666666666654, 27.738256454467773, 1625758367.014081
0.28113808141568564, 0.5349999999999988, 27.84233021736145, 1625758367.1182702
0.2657833434003871, 0.5383333333333322, 27.94554567337036, 1625758367.2212253
0.2513529515252767, 0.5416666666666656, 28.048454999923706, 1625758367.324012
0.231564038096294, 0.5466666666666657, 28.151633262634277, 1625758367.4272707
0.21968513923394684, 0.5499999999999992, 28.25527286529541, 1625758367.5308309
0.20891251506336111, 0.5533333333333326, 28.35767912864685, 1625758367.6335676
0.1992886802106007, 0.556666666666666, 28.46137285232544, 1625758367.7370815
0.18708871411537603, 0.5616666666666661, 28.564773082733154, 1625758367.8403833
0.18049273699420837, 0.5649999999999995, 28.6680326461792, 1625758367.9436433
0.17515770907114148, 0.5683333333333329, 28.770646810531616, 1625758368.0463793
0.16956412297683093, 0.573333333333333, 28.873554229736328, 1625758368.1491537
0.16746249787959172, 0.5766666666666664, 28.976832151412964, 1625758368.2524536
0.1666732463812876, 0.5799999999999998, 29.08018136024475, 1625758368.3560762
0.16719948329700834, 0.5833333333333333, 29.183339595794678, 1625758368.4591842
0.17044941842069555, 0.5883333333333334, 29.2868070602417, 1625758368.5624263
0.17424395881060278, 0.5916666666666668, 29.390394926071167, 1625758368.6668577
0.17932410947130512, 0.5950000000000002, 29.494385719299316, 1625758368.7703621
0.18566982136904597, 0.5983333333333336, 29.597522735595703, 1625758368.8731213
0.1932560508780446, 0.601666666666667, 29.700148820877075, 1625758368.9758506
0.20689456326981698, 0.6066666666666671, 29.80377221107483, 1625758369.0793774
0.21744068797164096, 0.6100000000000005, 29.90769052505493, 1625758369.1833305
0.22910194518897292, 0.613333333333334, 30.01021409034729, 1625758369.286084
0.2485828730879696, 0.6183333333333341, 30.113344430923462, 1625758369.3889456
0.26282144093024185, 0.6216666666666675, 30.216201782226562, 1625758369.4917953
0.2779960441885875, 0.6250000000000009, 30.319445848464966, 1625758369.595435
0.294046795636561, 0.6283333333333343, 30.423558950424194, 1625758369.6992266
0.31091035029108804, 0.6316666666666677, 30.526430368423462, 1625758369.8020828
0.33758329142489585, 0.6366666666666678, 30.63036823272705, 1625758369.9060197
0.35618131810635695, 0.6400000000000012, 30.733460903167725, 1625758370.0090578
0.37534693142074, 0.6433333333333346, 30.83628797531128, 1625758370.1121147
0.39500449344824196, 0.646666666666668, 30.939030170440674, 1625758370.2145543
0.4150764247722151, 0.6500000000000015, 31.041913986206055, 1625758370.3177676
0.44578761160171637, 0.6550000000000016, 31.145618200302124, 1625758370.4212885
0.4665460950496071, 0.658333333333335, 31.250154495239258, 1625758370.5258436
0.4874366057766993, 0.6616666666666684, 31.353880405426025, 1625758370.6296184
0.5083766984811244, 0.6650000000000018, 31.456774711608887, 1625758370.7325466
0.5292837321835939, 0.6683333333333352, 31.55986213684082, 1625758370.8356056
0.5604019212090601, 0.6733333333333353, 31.663196325302124, 1625758370.939091
0.5808664102651486, 0.6766666666666687, 31.76669955253601, 1625758371.0422685
0.6010117565442739, 0.6800000000000022, 31.86954426765442, 1625758371.1454308
0.620758455568194, 0.6833333333333356, 31.97288465499878, 1625758371.2487693
0.6400285761372837, 0.686666666666669, 32.07613277435303, 1625758371.3517487
0.6678744005452671, 0.6916666666666691, 32.17878723144531, 1625758371.4549656
0.6856252054960785, 0.6950000000000025, 32.28286361694336, 1625758371.558704
0.7026434325648826, 0.6983333333333359, 32.38641571998596, 1625758371.6619816
0.7266511262408188, 0.703333333333336, 32.50661325454712, 1625758371.782261
0.7415510433956963, 0.7066666666666694, 32.612908124923706, 1625758371.8887625
0.7554976689364608, 0.7100000000000029, 32.71658539772034, 1625758371.992238
0.7684359619037193, 0.7133333333333363, 32.820178508758545, 1625758372.0958145
0.7858422187312275, 0.7183333333333364, 32.923869371414185, 1625758372.1995156
0.7960454829378587, 0.7216666666666698, 33.02787804603577, 1625758372.3038657
0.8050803908736479, 0.7250000000000032, 33.13213133811951, 1625758372.4076955
0.8163653816634381, 0.7300000000000033, 33.23552346229553, 1625758372.5111852
0.8223338292541511, 0.7333333333333367, 33.33881592750549, 1625758372.6149423
0.8270301724811153, 0.7366666666666701, 33.44255089759827, 1625758372.718356
0.830435877023172, 0.7400000000000035, 33.54575991630554, 1625758372.8212857
0.8330964908801972, 0.7450000000000037, 33.64860129356384, 1625758372.92466
0.8332280630944326, 0.7483333333333371, 33.752275228500366, 1625758373.028268
0.8320445363810552, 0.7516666666666705, 33.855751037597656, 1625758373.1316643
0.8295505815793011, 0.7550000000000039, 33.958924770355225, 1625758373.2344642
0.8233755321633618, 0.760000000000004, 34.06191062927246, 1625758373.3374755
0.8176597805057322, 0.7633333333333374, 34.16550087928772, 1625758373.441131
0.8106903708193935, 0.7666666666666708, 34.26841139793396, 1625758373.5440834
0.8024948081803611, 0.7700000000000042, 34.37129592895508, 1625758373.646847
0.7879744723975964, 0.7750000000000044, 34.4740195274353, 1625758373.7496982
0.7768652997319213, 0.7783333333333378, 34.577362060546875, 1625758373.8531313
0.7646634662159282, 0.7816666666666712, 34.68151879310608, 1625758373.957126
0.7514171269120156, 0.7850000000000046, 34.78461980819702, 1625758374.0602899
0.7297046027957607, 0.7900000000000047, 34.887842655181885, 1625758374.163448
0.7140842177255039, 0.7933333333333381, 34.990967750549316, 1625758374.2666209
0.697618940053662, 0.7966666666666715, 35.09472179412842, 1625758374.3705785
0.6803737507089302, 0.8000000000000049, 35.197959899902344, 1625758374.4735417
0.6531932868738001, 0.805000000000005, 35.30143737792969, 1625758374.5774372
0.6343021452378586, 0.8083333333333385, 35.40491580963135, 1625758374.6805248
0.6148809743914727, 0.8116666666666719, 35.50816106796265, 1625758374.7840478
0.5849235752277608, 0.816666666666672, 35.61092019081116, 1625758374.88694
0.5645164893502521, 0.8200000000000054, 35.71509313583374, 1625758374.990797
0.5438547863640604, 0.8233333333333388, 35.81848883628845, 1625758375.0941665
0.5230200085714312, 0.8266666666666722, 35.92123818397522, 1625758375.1969075
0.4916233015188508, 0.8316666666666723, 36.02390742301941, 1625758375.2999964
0.47071626781638365, 0.8350000000000057, 36.12741494178772, 1625758375.4032915
0.4499248036263759, 0.8383333333333391, 36.2318377494812, 1625758375.5074062
0.4293309633592761, 0.8416666666666726, 36.334893465042114, 1625758375.6107585
0.39898824345570244, 0.8466666666666727, 36.43783926963806, 1625758375.7137365
0.3792415444317828, 0.8500000000000061, 36.54227304458618, 1625758375.8179042
0.35997142386269376, 0.8533333333333395, 36.645437717437744, 1625758375.9210103
0.3412539321106518, 0.8566666666666729, 36.74843788146973, 1625758376.0242841
0.3143747945039048, 0.861666666666673, 36.85143709182739, 1625758376.12712
0.29735656743509764, 0.8650000000000064, 36.95516347885132, 1625758376.2308698
0.2811380814156482, 0.8683333333333398, 37.05909514427185, 1625758376.334712
0.2657833434003535, 0.8716666666666733, 37.16162300109863, 1625758376.4371998
0.24450233106352331, 0.8766666666666734, 37.26442790031433, 1625758376.5399685
0.23156403809626597, 0.8800000000000068, 37.36739706993103, 1625758376.643231
0.21968513923391997, 0.8833333333333402, 37.4703471660614, 1625758376.7462478
0.20891251506333697, 0.8866666666666736, 37.573243856430054, 1625758376.8491561
0.1949196091263421, 0.8916666666666737, 37.676650285720825, 1625758376.9522622
0.18708871411535893, 0.8950000000000071, 37.780519008636475, 1625758377.056153
0.18049273699419488, 0.8983333333333405, 37.88370633125305, 1625758377.1592937
0.17515770907113087, 0.9016666666666739, 37.9865288734436, 1625758377.2631512
0.16956412297682472, 0.9066666666666741, 38.09055805206299, 1625758377.3667357
0.16746249787958828, 0.9100000000000075, 38.193960189819336, 1625758377.4697244
0.16667324638128728, 0.9133333333333409, 38.297011613845825, 1625758377.572813
0.167199483297011, 0.9166666666666743, 38.399460315704346, 1625758377.6753192
0.17044941842070305, 0.9216666666666744, 38.50215125083923, 1625758377.7780738
0.17424395881061278, 0.9250000000000078, 38.60563373565674, 1625758377.881287
0.17932410947131866, 0.9283333333333412, 38.708828926086426, 1625758377.9844782
0.18566982136906252, 0.9316666666666746, 38.81224012374878, 1625758378.0882359
0.19325605087806402, 0.935000000000008, 38.91568326950073, 1625758378.191428
0.20689456326984063, 0.9400000000000082, 39.01882600784302, 1625758378.294375
0.217440687971666, 0.9433333333333416, 39.12215518951416, 1625758378.3978207
0.22910194518900046, 0.946666666666675, 39.225342750549316, 1625758378.501177
0.2418323132671224, 0.9500000000000084, 39.32849717140198, 1625758378.6040473
0.2628214409302767, 0.9550000000000085, 39.430983781814575, 1625758378.7068245
0.27799604418862445, 0.9583333333333419, 39.53479027748108, 1625758378.8106558
0.29404679563659997, 0.9616666666666753, 39.638370752334595, 1625758378.9140441
0.310910350291127, 0.9650000000000087, 39.740994453430176, 1625758379.0165758
0.33758329142493715, 0.9700000000000089, 39.84422826766968, 1625758379.119767
0.35618131810639964, 0.9733333333333423, 39.9475839138031, 1625758379.223283
0.37534693142078607, 0.9766666666666757, 40.051697731018066, 1625758379.327374
0.4049935791767308, 0.9816666666666758, 40.15421009063721, 1625758379.429998
0.42524307968359776, 0.9850000000000092, 40.25785565376282, 1625758379.5335505
0.4457876116017654, 0.9883333333333426, 40.36121129989624, 1625758379.6369104
0.46654609504965416, 0.991666666666676, 40.46408486366272, 1625758379.7397342
0.49790561867820565, 0.9966666666666761, 40.567031383514404, 1625758379.8429315
0.5188395114940678, 1.0000000000000095, 40.670161962509155, 1625758379.9457927
0.5396990533650192, 1.003333333333343, 40.773388147354126, 1625758380.0489955
0.5604019212091066, 1.0066666666666764, 40.876015186309814, 1625758380.1518981
0.5909839785058362, 1.0116666666666765, 40.97912049293518, 1625758380.2551594
0.6109398481743897, 1.01500000000001, 41.08264374732971, 1625758380.3582013
0.6304578889457924, 1.0183333333333433, 41.18590068817139, 1625758380.461459
0.6494610720300682, 1.0216666666666767, 41.288833141326904, 1625758380.5646033
0.6768370614356318, 1.0266666666666768, 41.39208698272705, 1625758380.6681297
0.6942301598895797, 1.0300000000000102, 41.49550151824951, 1625758380.771098
0.710856720637759, 1.0333333333333437, 41.59828805923462, 1625758380.8739536
0.7342166565996643, 1.0383333333333438, 41.70113158226013, 1625758380.9770463
0.7486470484747728, 1.0416666666666772, 41.804682970047, 1625758381.0811253
0.762096144045581, 1.0450000000000106, 41.90899085998535, 1625758381.1846018
0.774510865876181, 1.048333333333344, 42.01211667060852, 1625758381.2879899
0.7910874849366729, 1.0533333333333441, 42.11525011062622, 1625758381.3910637
0.8007113197894314, 1.0566666666666775, 42.21895790100098, 1625758381.4946218
0.809148384444913, 1.060000000000011, 42.32204866409302, 1625758381.5978813
0.8195072630058122, 1.065000000000011, 42.42483925819397, 1625758381.7007518
0.8248422909288753, 1.0683333333333445, 42.52815008163452, 1625758381.8039532
0.8288953147359674, 1.0716666666666779, 42.63126063346863, 1625758381.9071395
0.8325375021204133, 1.076666666666678, 42.73517608642578, 1625758382.010851
0.8333267536187128, 1.0800000000000114, 42.83865928649902, 1625758382.1143112
0.8328005167029875, 1.0833333333333448, 42.94380068778992, 1625758382.2197373
0.8309608681899292, 1.0866666666666782, 43.04781460762024, 1625758382.323431
0.825756041189382, 1.0916666666666783, 43.15074110031128, 1625758382.4263852
0.8206758905286746, 1.0950000000000117, 43.25467324256897, 1625758382.5305593
0.81433017863093, 1.0983333333333452, 43.35779404640198, 1625758382.6333277
0.8067439491219273, 1.1016666666666786, 43.460856437683105, 1625758382.7365034
0.7931054367301487, 1.1066666666666787, 43.563852310180664, 1625758382.8394954
0.7825593120283196, 1.110000000000012, 43.66762328147888, 1625758382.9432669
0.7708980548109865, 1.1133333333333455, 43.77033567428589, 1625758383.0458918
0.7514171269119829, 1.1183333333333456, 43.87303614616394, 1625758383.1489909
0.7371785590697059, 1.121666666666679, 43.97636604309082, 1625758383.2521057
0.7220039558113588, 1.1250000000000124, 44.079492807388306, 1625758383.3550997
0.7059532043633824, 1.1283333333333458, 44.181999921798706, 1625758383.4575589
0.6803737507088905, 1.133333333333346, 44.284725189208984, 1625758383.5603518
0.6624167085750391, 1.1366666666666794, 44.388004302978516, 1625758383.6635988
0.6438186818935802, 1.1400000000000128, 44.49065613746643, 1625758383.7665725
0.6148809743914284, 1.145000000000013, 44.59377717971802, 1625758383.8699453
0.5950064208232454, 1.1483333333333463, 44.697370767593384, 1625758383.973054
0.5747569203163804, 1.1516666666666797, 44.8007378578186, 1625758384.0765705
0.5542123883982124, 1.1550000000000131, 44.90383791923523, 1625758384.1794868
0.523020008571384, 1.1600000000000132, 45.00695490837097, 1625758384.2825532
0.5020943813217671, 1.1633333333333467, 45.10950207710266, 1625758384.385333
0.4811604885059074, 1.16666666666668, 45.21267652511597, 1625758384.4886017
0.4603009466349584, 1.1700000000000135, 45.31561756134033, 1625758384.5918148
0.4293309633592299, 1.1750000000000136, 45.419174671173096, 1625758384.6952157
0.4090160214941423, 1.178333333333347, 45.523842334747314, 1625758384.7995417
0.3890601518255891, 1.1816666666666804, 45.62632131576538, 1625758384.9026887
0.3599714238626509, 1.1866666666666805, 45.729751110076904, 1625758385.0054264
0.34125393211060817, 1.190000000000014, 45.83412218093872, 1625758385.1097784
0.3231629385643471, 1.1933333333333473, 45.93754601478577, 1625758385.213578
0.2973565674350601, 1.1983333333333475, 46.041072845458984, 1625758385.3167245
0.2973565674350601, 1.1983333333333475, 46.1442551612854, 1625758385.4198737
0.3143747945038635, 1.195000000000014, 46.24691319465637, 1625758385.5227888
0.3321255994546706, 1.1916666666666806, 46.350951194763184, 1625758385.6265297
0.3505389279699096, 1.1883333333333472, 46.45406532287598, 1625758385.7297695
0.3792415444317366, 1.1833333333333471, 46.55792760848999, 1625758385.8335352
0.39898824345565964, 1.1800000000000137, 46.66113352775574, 1625758385.937125
0.4191335897347791, 1.1766666666666803, 46.76481604576111, 1625758386.0403879
0.44992480362632914, 1.1716666666666802, 46.86745309829712, 1625758386.1435666
0.4707162678163342, 1.1683333333333468, 46.97162485122681, 1625758386.2472627
0.4916233015188035, 1.1650000000000134, 47.075392723083496, 1625758386.3510585
0.5125633942232263, 1.16166666666668, 47.17831778526306, 1625758386.4540148
0.5438547863640112, 1.1566666666666798, 47.28120541572571, 1625758386.5569692
0.5645164893502057, 1.1533333333333464, 47.3844838142395, 1625758386.6603148
0.5849235752277129, 1.150000000000013, 47.48731780052185, 1625758386.7631679
0.6049955065516897, 1.1466666666666796, 47.59012985229492, 1625758386.8656654
0.6343021452378131, 1.1416666666666795, 47.69274568557739, 1625758386.9688833
0.653193286873758, 1.138333333333346, 47.79728055000305, 1625758387.0729108
0.6714798445937655, 1.1350000000000127, 47.9005401134491, 1625758387.1762345
0.6890896497088526, 1.1316666666666793, 48.003206729888916, 1625758387.2787328
0.7140842177254677, 1.1266666666666791, 48.10588550567627, 1625758387.381585
0.7297046027957247, 1.1233333333333457, 48.20931267738342, 1625758387.485041
0.7444184487407995, 1.1200000000000123, 48.31270122528076, 1625758387.5885136
0.758167686732862, 1.116666666666679, 48.4159049987793, 1625758387.691788
0.776865299731895, 1.1116666666666788, 48.51904058456421, 1625758387.7947955
0.7879744723975726, 1.1083333333333454, 48.622222661972046, 1625758387.8978205
0.7979471413837202, 1.105000000000012, 48.725289821624756, 1625758388.001128
0.8067439491219273, 1.1016666666666786, 48.82913827896118, 1625758388.1049652
0.8176597805057164, 1.0966666666666784, 48.932538986206055, 1625758388.2082489
0.8233755321633504, 1.093333333333345, 49.036338806152344, 1625758388.3119674
0.8278150683317631, 1.0900000000000116, 49.140570878982544, 1625758388.4161456
0.8320445363810511, 1.0850000000000115, 49.24346423149109, 1625758388.519284
0.8332280630944315, 1.081666666666678, 49.34697937965393, 1625758388.6226847
0.8330964908801992, 1.0783333333333447, 49.45097374916077, 1625758388.7268333
0.8316503389937739, 1.0750000000000113, 49.554089307785034, 1625758388.8296478
0.8270301724811254, 1.0700000000000112, 49.6567645072937, 1625758388.9327335
0.8223338292541633, 1.0666666666666778, 49.76097655296326, 1625758389.0366738
0.8163653816634537, 1.0633333333333443, 49.86500406265259, 1625758389.1408844
0.809148384444913, 1.060000000000011, 49.96910524368286, 1625758389.2446938
0.7960454829378805, 1.0550000000000108, 50.07210922241211, 1625758389.3477159
0.785842218731253, 1.0516666666666774, 50.17509078979492, 1625758389.4510078
0.774510865876181, 1.048333333333344, 50.279820919036865, 1625758389.5557885
0.762096144045581, 1.0450000000000106, 50.38381028175354, 1625758389.6596437
0.7415510433957273, 1.0400000000000105, 50.48664474487305, 1625758389.7625315
0.7266511262408553, 1.036666666666677, 50.59028744697571, 1625758389.8661773
0.710856720637759, 1.0333333333333437, 50.69378161430359, 1625758389.9697444
0.6942301598895797, 1.0300000000000102, 50.79763078689575, 1625758390.0733047
0.66787440054531, 1.0250000000000101, 50.900871992111206, 1625758390.1765273
0.6494610720300682, 1.0216666666666767, 51.0040807723999, 1625758390.279854
0.6304578889457924, 1.0183333333333433, 51.10772943496704, 1625758390.3836834
0.6109398481743897, 1.01500000000001, 51.21111249923706, 1625758390.4866996
0.5808664102651968, 1.0100000000000098, 51.314324378967285, 1625758390.5907786
0.5604019212091066, 1.0066666666666764, 51.418556928634644, 1625758390.6942418
0.5396990533650192, 1.003333333333343, 51.52185583114624, 1625758390.7974367
0.5188395114940678, 1.0000000000000095, 51.624361753463745, 1625758390.9003727
0.4874366057767489, 0.9950000000000094, 51.72765779495239, 1625758391.0034091
0.46654609504965416, 0.991666666666676, 51.83203959465027, 1625758391.107679
0.4457876116017654, 0.9883333333333426, 51.93519949913025, 1625758391.2108011
0.4150764247722608, 0.9833333333333425, 52.03791379928589, 1625758391.3134537
0.3950044934482891, 0.9800000000000091, 52.14052367210388, 1625758391.4161887
0.37534693142078607, 0.9766666666666757, 52.243547677993774, 1625758391.5196235
0.35618131810639964, 0.9733333333333423, 52.34705591201782, 1625758391.622613
0.32852015540621315, 0.9683333333333421, 52.44986081123352, 1625758391.7255278
0.310910350291127, 0.9650000000000087, 52.552926540374756, 1625758391.8287015
0.29404679563659997, 0.9616666666666753, 52.65630650520325, 1625758391.931848
0.27799604418862445, 0.9583333333333419, 52.7600257396698, 1625758392.0356736
0.2628214409302767, 0.9550000000000085, 52.86288261413574, 1625758392.1388636
0.2418323132671224, 0.9500000000000084, 52.96604919433594, 1625758392.2419758
0.22910194518900046, 0.946666666666675, 53.069295167922974, 1625758392.34491
0.217440687971666, 0.9433333333333416, 53.17247152328491, 1625758392.4480736
0.20205285861626865, 0.9383333333333415, 53.27527332305908, 1625758392.5508525
0.19325605087806402, 0.935000000000008, 53.37873101234436, 1625758392.6546168
0.18566982136906252, 0.9316666666666746, 53.482391357421875, 1625758392.7581973
0.17932410947131866, 0.9283333333333412, 53.58560585975647, 1625758392.8611622
0.1721849316682324, 0.9233333333333411, 53.68932056427002, 1625758392.9650028
0.1690391318100682, 0.9200000000000077, 53.792638540267944, 1625758393.068268
0.167199483297011, 0.9166666666666743, 53.895995140075684, 1625758393.1716664
0.16667324638128728, 0.9133333333333409, 53.99920678138733, 1625758393.2747366
0.16746249787958828, 0.9100000000000075, 54.10198354721069, 1625758393.3780723
0.1711046852640361, 0.9050000000000074, 54.20566773414612, 1625758393.481825
0.17515770907113087, 0.9016666666666739, 54.30940318107605, 1625758393.5849884
0.18049273699419488, 0.8983333333333405, 54.412593364715576, 1625758393.6881242
0.18708871411535893, 0.8950000000000071, 54.515493392944336, 1625758393.7912025
0.19928868021058027, 0.890000000000007, 54.61933445930481, 1625758393.894994
0.20891251506333697, 0.8866666666666736, 54.722511768341064, 1625758393.9981022
0.21968513923391997, 0.8833333333333402, 54.82551097869873, 1625758394.1010292
0.23156403809626597, 0.8800000000000068, 54.92857313156128, 1625758394.2041945
0.2513529515252453, 0.8750000000000067, 55.03201103210449, 1625758394.3080964
0.2657833434003535, 0.8716666666666733, 55.13671803474426, 1625758394.4123452
0.2811380814156482, 0.8683333333333398, 55.23987555503845, 1625758394.5158763
0.3057698401104424, 0.8633333333333397, 55.3438560962677, 1625758394.6194153
0.32316293856438516, 0.8600000000000063, 55.44731259346008, 1625758394.7229743
0.3412539321106518, 0.8566666666666729, 55.55023169517517, 1625758394.8257744
0.35997142386269376, 0.8533333333333395, 55.653088331222534, 1625758394.9292967
0.3890601518256359, 0.8483333333333394, 55.756500482559204, 1625758395.0325596
0.40901602149418775, 0.845000000000006, 55.86059379577637, 1625758395.1362455
0.4293309633592761, 0.8416666666666726, 55.96348214149475, 1625758395.2393994
0.4603009466350077, 0.8366666666666724, 56.06601524353027, 1625758395.3420048
0.4811604885059523, 0.833333333333339, 56.169697761535645, 1625758395.445301
0.5020943813218168, 0.8300000000000056, 56.27291011810303, 1625758395.5484467
0.5230200085714312, 0.8266666666666722, 56.37661290168762, 1625758395.6522012
0.5542123883982615, 0.8216666666666721, 56.47931742668152, 1625758395.7549498
0.5747569203164264, 0.8183333333333387, 56.582515001297, 1625758395.8581297
0.5950064208232908, 0.8150000000000053, 56.68491840362549, 1625758395.9608028
0.624653068579237, 0.8100000000000052, 56.788371562957764, 1625758396.0642695
0.6438186818936228, 0.8066666666666718, 56.89228653907776, 1625758396.1680572
0.6624167085750825, 0.8033333333333383, 56.99605083465576, 1625758396.2715762
0.6803737507089302, 0.8000000000000049, 57.09823250770569, 1625758396.374154
0.7059532043634213, 0.7950000000000048, 57.20216155052185, 1625758396.4781284
0.7220039558113941, 0.7916666666666714, 57.30563473701477, 1625758396.581274
0.7371785590697391, 0.788333333333338, 57.408658027648926, 1625758396.6844904
0.7581676867328933, 0.7833333333333379, 57.511810302734375, 1625758396.7873642
0.770898054811014, 0.7800000000000045, 57.61536264419556, 1625758396.8910892
0.7825593120283458, 0.7766666666666711, 57.718708753585815, 1625758396.9942772
0.7931054367301711, 0.7733333333333376, 57.82172083854675, 1625758397.0972602
0.8067439491219466, 0.7683333333333375, 57.924556255340576, 1625758397.2005188
0.8143301786309458, 0.7650000000000041, 58.02829074859619, 1625758397.303944
0.8206758905286875, 0.7616666666666707, 58.1313738822937, 1625758397.4069684
0.8257560411893925, 0.7583333333333373, 58.23573303222656, 1625758397.5112758
0.8309608681899348, 0.7533333333333372, 58.338478088378906, 1625758397.6141407
0.8328005167029904, 0.7500000000000038, 58.440937995910645, 1625758397.7168515
0.8333267536187126, 0.7466666666666704, 58.544493436813354, 1625758397.820082
0.831650338993769, 0.7416666666666702, 58.64703822135925, 1625758397.9230256
0.8288953147359599, 0.7383333333333368, 58.7504403591156, 1625758398.0260792
0.8248422909288646, 0.7350000000000034, 58.85417127609253, 1625758398.1297123
0.819507263005798, 0.73166666666667, 58.95722198486328, 1625758398.2327683
0.8091483844448955, 0.7266666666666699, 59.061243295669556, 1625758398.33686
0.800711319789409, 0.7233333333333365, 59.164616107940674, 1625758398.4402916
0.7910874849366509, 0.7200000000000031, 59.2671263217926, 1625758398.5430326
0.7745108658761529, 0.715000000000003, 59.37039041519165, 1625758398.6464477
0.7620961440455518, 0.7116666666666696, 59.47387361526489, 1625758398.7495513
0.7486470484747414, 0.7083333333333361, 59.57710790634155, 1625758398.8526826
0.7342166565996289, 0.7050000000000027, 59.67971396446228, 1625758398.955271
0.7108567206377223, 0.7000000000000026, 59.78213667869568, 1625758399.058203
0.6942301598895375, 0.6966666666666692, 59.885666370391846, 1625758399.161243
0.6768370614355937, 0.6933333333333358, 59.988990783691406, 1625758399.2646573
0.6587460678893263, 0.6900000000000024, 60.09247922897339, 1625758399.3686879
0.6304578889457488, 0.6850000000000023, 60.19625234603882, 1625758399.471839
0.6109398481743429, 0.6816666666666689, 60.30062747001648, 1625758399.5762713
0.5909839785057883, 0.6783333333333355, 60.40412259101868, 1625758399.6799412
0.5604019212090601, 0.6733333333333353, 60.507307052612305, 1625758399.7831194
0.5396990533649676, 0.6700000000000019, 60.61041808128357, 1625758399.8863924
0.518839511494023, 0.6666666666666685, 60.71484446525574, 1625758399.9903874
0.49790561867815836, 0.6633333333333351, 60.818535804748535, 1625758400.0942724
0.4665460950496071, 0.658333333333335, 60.921186208724976, 1625758400.1970544
0.44578761160171637, 0.6550000000000016, 61.02457928657532, 1625758400.3002272
0.42524307968354935, 0.6516666666666682, 61.128398418426514, 1625758400.4044049
0.4049935791766832, 0.6483333333333348, 61.23175311088562, 1625758400.5074267
0.37534693142074, 0.6433333333333346, 61.33472657203674, 1625758400.6103811
0.35618131810635695, 0.6400000000000012, 61.437628984451294, 1625758400.713533
0.33758329142489585, 0.6366666666666678, 61.540722370147705, 1625758400.8167043
0.3196262492910489, 0.6333333333333344, 61.64403438568115, 1625758400.9195592
0.294046795636561, 0.6283333333333343, 61.747138023376465, 1625758401.0228994
0.2779960441885875, 0.6250000000000009, 61.85086941719055, 1625758401.1265318
0.26282144093024185, 0.6216666666666675, 61.9537878036499, 1625758401.2294002
0.2485828730879696, 0.6183333333333341, 62.05661916732788, 1625758401.3322923
0.22910194518897292, 0.613333333333334, 62.15950393676758, 1625758401.4352844
0.21744068797164096, 0.6100000000000005, 62.262939453125, 1625758401.538565
0.20689456326981698, 0.6066666666666671, 62.365492820739746, 1625758401.6413589
0.1975051918196284, 0.6033333333333337, 62.46926403045654, 1625758401.7454839
0.18566982136904597, 0.5983333333333336, 62.593050956726074, 1625758401.8687024
0.17932410947130512, 0.5950000000000002, 62.69626426696777, 1625758401.9718513
0.1721849316682234, 0.5900000000000001, 62.799606800079346, 1625758402.075275
0.16903913181006253, 0.5866666666666667, 62.90239143371582, 1625758402.1782234
0.16719948329700834, 0.5833333333333333, 63.00562500953674, 1625758402.2812612
0.1666732463812876, 0.5799999999999998, 63.10861349105835, 1625758402.384404
0.16834966100623333, 0.5749999999999997, 63.21174716949463, 1625758402.4877372
0.1711046852640442, 0.5716666666666663, 63.31635546684265, 1625758402.592164
0.17515770907114148, 0.5683333333333329, 63.42134094238281, 1625758402.6969469
0.18049273699420837, 0.5649999999999995, 63.524394035339355, 1625758402.8003929
0.18708871411537603, 0.5616666666666661, 63.62846040725708, 1625758402.904078
0.1992886802106007, 0.556666666666666, 63.73335814476013, 1625758403.0091066
0.20891251506336111, 0.5533333333333326, 63.837963581085205, 1625758403.1135294
0.21968513923394684, 0.5499999999999992, 63.94083094596863, 1625758403.2166255
0.231564038096294, 0.5466666666666657, 64.04379534721375, 1625758403.3195055
0.2513529515252767, 0.5416666666666656, 64.14657521247864, 1625758403.422563
0.2657833434003871, 0.5383333333333322, 64.25104475021362, 1625758403.5271387
0.28113808141568564, 0.5349999999999988, 64.35609483718872, 1625758403.6317213
0.3057698401104808, 0.5299999999999987, 64.46108484268188, 1625758403.736732
0.32316293856442724, 0.5266666666666653, 64.56400489807129, 1625758403.8403401
0.34125393211069543, 0.5233333333333319, 64.66815781593323, 1625758403.9440804
0.35997142386273673, 0.5199999999999985, 64.7712140083313, 1625758404.047063
0.3792415444318269, 0.516666666666665, 64.87410950660706, 1625758404.1497371
0.4090160214942333, 0.5116666666666649, 64.97743082046509, 1625758404.2530441
0.42933096335932464, 0.5083333333333315, 65.08107924461365, 1625758404.3569887
0.449924803626425, 0.5049999999999981, 65.18440794944763, 1625758404.4599633
0.4707162678164308, 0.5016666666666647, 65.28748488426208, 1625758404.5634425
0.5020943813218617, 0.49666666666666476, 65.39194917678833, 1625758404.6676764
0.5230200085714783, 0.49333333333333146, 65.4955062866211, 1625758404.771256
0.5438547863641072, 0.48999999999999816, 65.59914326667786, 1625758404.8747325
0.5645164893502939, 0.48666666666666486, 65.70172238349915, 1625758404.977301
0.5849235752278044, 0.48333333333333156, 65.80558800697327, 1625758405.0811703
0.6148809743915149, 0.4783333333333316, 65.9093291759491, 1625758405.184895
0.6343021452378954, 0.4749999999999983, 66.01247334480286, 1625758405.2882912
0.6531932868738378, 0.471666666666665, 66.11669445037842, 1625758405.3923833
0.6714798445938426, 0.4683333333333317, 66.21993589401245, 1625758405.4955077
0.6976189400536925, 0.46333333333333176, 66.3228530883789, 1625758405.5986624
0.7140842177255348, 0.45999999999999847, 66.42691779136658, 1625758405.7025988
0.7297046027957881, 0.45666666666666517, 66.5299482345581, 1625758405.8054948
0.744418448740859, 0.45333333333333187, 66.63253712654114, 1625758405.9083378
0.7646634662159497, 0.4483333333333319, 66.73574209213257, 1625758406.0113118
0.7768652997319423, 0.4449999999999986, 66.83909463882446, 1625758406.1147695
0.7879744723976143, 0.4416666666666653, 66.9432463645935, 1625758406.2189858
0.7979471413837573, 0.438333333333332, 67.04732012748718, 1625758406.322942
0.8067439491219596, 0.4349999999999987, 67.14972472190857, 1625758406.4256046
0.8176597805057415, 0.42999999999999877, 67.2531247138977, 1625758406.528859
0.8233755321633704, 0.4266666666666655, 67.3565878868103, 1625758406.632317
0.8278150683317778, 0.4233333333333322, 67.45966720581055, 1625758406.7352347
0.832044536381058, 0.4183333333333322, 67.56288194656372, 1625758406.8399196
0.8332280630944334, 0.4149999999999989, 67.6684181690216, 1625758406.9439645
0.8330964908801963, 0.4116666666666656, 67.77189588546753, 1625758407.0475245
0.8316503389937664, 0.4083333333333323, 67.87427926063538, 1625758407.1506042
0.8270301724811103, 0.4033333333333324, 67.97787046432495, 1625758407.2535472
0.822333829254144, 0.3999999999999991, 68.08071875572205, 1625758407.3566194
0.81636538166343, 0.3966666666666658, 68.18364810943604, 1625758407.4595098
0.8091483844448857, 0.3933333333333325, 68.28660202026367, 1625758407.5626843
0.7960454829378467, 0.38833333333333253, 68.38949203491211, 1625758407.6653883
0.7858422187312153, 0.38499999999999923, 68.49277853965759, 1625758407.7683332
0.7745108658761408, 0.38166666666666593, 68.59542417526245, 1625758407.8713546
0.7554976689364485, 0.376666666666666, 68.69867610931396, 1625758407.9742663
0.74155104339568, 0.3733333333333327, 68.80174016952515, 1625758408.0772867
0.7266511262408033, 0.3699999999999994, 68.9048125743866, 1625758408.1804388
0.7108567206377078, 0.3666666666666661, 69.00737762451172, 1625758408.283307
0.6856252054960629, 0.36166666666666614, 69.11070895195007, 1625758408.3863122
0.6678744005452529, 0.35833333333333284, 69.21336007118225, 1625758408.4889987
0.649461072030009, 0.35499999999999954, 69.31744885444641, 1625758408.5930617
0.6304578889457314, 0.35166666666666624, 69.42008233070374, 1625758408.6960914
0.6010117565442582, 0.3466666666666663, 69.5234944820404, 1625758408.7990556
0.580866410265135, 0.343333333333333, 69.62640428543091, 1625758408.9019284
0.5604019212090462, 0.3399999999999997, 69.72917985916138, 1625758409.0048041
0.5292837321835823, 0.33499999999999974, 69.8328697681427, 1625758409.1083689
0.5083766984811127, 0.33166666666666644, 69.93614220619202, 1625758409.211785
0.48743660577668757, 0.32833333333333314, 70.03947257995605, 1625758409.315252
0.46654609504959543, 0.32499999999999984, 70.1424331665039, 1625758409.4180248
0.435483510649712, 0.3199999999999999, 70.24517750740051, 1625758409.5209296
0.415076424772206, 0.3166666666666666, 70.34829664230347, 1625758409.6239877
0.3950044934482353, 0.3133333333333333, 70.45092010498047, 1625758409.7268276
0.3656978547621144, 0.30833333333333335, 70.55389785766602, 1625758409.8295898
0.3468067131261738, 0.30500000000000005, 70.65707468986511, 1625758409.9326365
0.32852015540616863, 0.30166666666666675, 70.75989747047424, 1625758410.035716
0.31091035029108227, 0.29833333333333345, 70.86272931098938, 1625758410.1384327
0.28591578227447345, 0.2933333333333335, 70.96588253974915, 1625758410.243174
0.2702953972042197, 0.2900000000000002, 71.07184767723083, 1625758410.3476481
0.25558155125914983, 0.2866666666666669, 71.17464661598206, 1625758410.4502034
0.23533653378405822, 0.28166666666666695, 71.27712392807007, 1625758410.5531042
0.2231347002680636, 0.27833333333333365, 71.3805251121521, 1625758410.6560664
0.2120255276023899, 0.27500000000000036, 71.48360443115234, 1625758410.759583
0.1975051918196304, 0.2700000000000004, 71.58669972419739, 1625758410.8623946
0.18930962918059746, 0.2666666666666671, 71.68993759155273, 1625758410.9659798
0.1823402194942617, 0.2633333333333338, 71.79366898536682, 1625758411.0692947
0.17662446783663216, 0.2600000000000005, 71.89650750160217, 1625758411.1720982
0.17044941842069633, 0.25500000000000056, 71.99915909767151, 1625758411.2746916
0.1679554636189432, 0.25166666666666726, 72.10205888748169, 1625758411.3781142
0.1667719369055668, 0.24833333333333393, 72.205810546875, 1625758411.4814043
0.16746249787959128, 0.2433333333333339, 72.30919456481934, 1625758411.5848298
0.16956412297683032, 0.24000000000000055, 72.41215705871582, 1625758411.6877182
0.17296982751888806, 0.2366666666666672, 72.51594877243042, 1625758411.791486
0.1776661707458539, 0.23333333333333384, 72.61906886100769, 1625758411.8946202
0.1870887141153736, 0.2283333333333338, 72.7217173576355, 1625758411.9979393
0.19491960912635925, 0.22500000000000045, 72.82516717910767, 1625758412.1011348
0.2039545170621505, 0.2216666666666671, 72.9281587600708, 1625758412.2036629
0.21968513923394034, 0.21666666666666706, 73.03102803230286, 1625758412.306763
0.23156403809629117, 0.2133333333333337, 73.13432812690735, 1625758412.4100454
0.24450233106354752, 0.21000000000000035, 73.23719668388367, 1625758412.5130363
0.2584489566043159, 0.206666666666667, 73.34006643295288, 1625758412.6158338
0.2811380814156803, 0.20166666666666697, 73.44420528411865, 1625758412.7197583
0.2973565674351295, 0.1983333333333336, 73.54726791381836, 1625758412.82321
0.31437479450393413, 0.19500000000000026, 73.65063643455505, 1625758412.9268718
0.341253932110685, 0.19000000000000022, 73.75398254394531, 1625758413.0295916
0.35997142386272807, 0.18666666666666687, 73.85757327079773, 1625758413.133761
0.3792415444318158, 0.18333333333333351, 73.96157956123352, 1625758413.23751
0.40901602149422406, 0.17833333333333348, 74.06541109085083, 1625758413.3409455
0.429330963359313, 0.17500000000000013, 74.16849255561829, 1625758413.4440901
0.44992480362641085, 0.17166666666666677, 74.27148842811584, 1625758413.5473704
0.4707162678164165, 0.16833333333333342, 74.37471270561218, 1625758413.6502666
0.5020943813218521, 0.16333333333333339, 74.4781002998352, 1625758413.7537289
0.5230200085714665, 0.16000000000000003, 74.58092927932739, 1625758413.8565805
0.5438547863640908, 0.15666666666666668, 74.68446636199951, 1625758413.9600716
0.5747569203164586, 0.15166666666666664, 74.78786301612854, 1625758414.0634289
0.5950064208233223, 0.1483333333333333, 74.89104747772217, 1625758414.1666148
0.6148809743915038, 0.14499999999999993, 74.99400544166565, 1625758414.2697194
0.6438186818936547, 0.1399999999999999, 75.09704375267029, 1625758414.3726785
0.6624167085751093, 0.13666666666666655, 75.19993662834167, 1625758414.4755807
0.680373750708956, 0.1333333333333332, 75.30256652832031, 1625758414.578768
0.7059532043634473, 0.12833333333333316, 75.40575075149536, 1625758414.681446
0.7220039558114169, 0.12499999999999982, 75.5086088180542, 1625758414.784594
0.7371785590697606, 0.12166666666666649, 75.61174893379211, 1625758414.8872626
0.7514171269120327, 0.11833333333333317, 75.71426367759705, 1625758414.9902139
0.7708980548110305, 0.11333333333333317, 75.81772828102112, 1625758415.0934017
0.7825593120283596, 0.10999999999999985, 75.92087936401367, 1625758415.1964774
0.7931054367301846, 0.10666666666666652, 76.02352023124695, 1625758415.299388
0.8067439491219568, 0.10166666666666653, 76.12668585777283, 1625758415.402552
0.8143301786309544, 0.0983333333333332, 76.23115730285645, 1625758415.5069437
0.8206758905286946, 0.09499999999999988, 76.3348696231842, 1625758415.6105676
0.8278150683317764, 0.08999999999999989, 76.43888020515442, 1625758415.714588
0.8309608681899379, 0.08666666666666656, 76.54246282577515, 1625758415.8185263
0.8328005167029916, 0.08333333333333323, 76.64578938484192, 1625758415.9213402
0.8333267536187123, 0.0799999999999999, 76.7487223148346, 1625758416.0243545
0.8316503389937668, 0.07499999999999991, 76.85174512863159, 1625758416.1277094
0.828895314735956, 0.07166666666666659, 76.95623683929443, 1625758416.23189
0.8248422909288593, 0.06833333333333326, 77.05952191352844, 1625758416.3353646
0.8163653816634329, 0.06333333333333327, 77.16246438026428, 1625758416.4381063
0.8091483844448875, 0.05999999999999994, 77.2654013633728, 1625758416.5410016
0.8007113197894019, 0.056666666666666615, 77.3683967590332, 1625758416.644036
0.7858422187312191, 0.051666666666666625, 77.47099804878235, 1625758416.7466457
0.7745108658761423, 0.0483333333333333, 77.57412719726562, 1625758416.849901
0.7620961440455403, 0.04499999999999997, 77.67778182029724, 1625758416.9535909
0.7486470484747288, 0.041666666666666644, 77.78127336502075, 1625758417.0569863
0.7266511262408069, 0.03666666666666665, 77.88444948196411, 1625758417.160303
0.7108567206377078, 0.033333333333333326, 77.98760104179382, 1625758417.2633162
0.6942301598895261, 0.029999999999999995, 78.09017443656921, 1625758417.3659966
0.6678744005452529, 0.024999999999999994, 78.19316697120667, 1625758417.468727
0.6494610720300112, 0.02166666666666666, 78.29614639282227, 1625758417.571715
0.6304578889457358, 0.018333333333333326, 78.39923858642578, 1625758417.6747975
0.6010117565442582, 0.013333333333333326, 78.50159645080566, 1625758417.777672
0.5808664102651351, 0.009999999999999992, 78.6050820350647, 1625758417.8806772
0.5604019212090463, 0.0066666666666666576, 78.70897603034973, 1625758417.9846
0.5396990533649584, 0.0033333333333333236, 78.81205749511719, 1625758418.0879219
0.5292837321835799, 0.0016666666666666568, 78.91520929336548, 1625758418.190815
0.5909839785057883, 0.6783333333333355, 1.8330461978912354, 1625758537.7586555
0.44578761160171637, 0.6550000000000016, 2.5131802558898926, 1625758538.4382732
0.4150764247722151, 0.6500000000000015, 2.6166915893554688, 1625758538.541783
0.39500449344824196, 0.646666666666668, 2.719573497772217, 1625758538.6445768
0.37534693142074, 0.6433333333333346, 2.822331666946411, 1625758538.7474277
0.34680671312617795, 0.6383333333333345, 2.9253501892089844, 1625758538.8504384
0.3285201554061705, 0.6350000000000011, 3.028698682785034, 1625758538.953665
0.31091035029108804, 0.6316666666666677, 3.131088972091675, 1625758539.0561764
0.2859157822744789, 0.6266666666666676, 3.233886957168579, 1625758539.1593418
0.27029539720422124, 0.6233333333333342, 3.339526653289795, 1625758539.2646036
0.2555815512591514, 0.6200000000000008, 3.4425082206726074, 1625758539.3678722
0.24183231326709098, 0.6166666666666674, 3.54538631439209, 1625758539.470755
0.22313470026806487, 0.6116666666666672, 3.648362874984741, 1625758539.5734236
0.21202552760238985, 0.6083333333333338, 3.751706600189209, 1625758539.6767597