
0.01683094863162034, 0.40006792068481445, 8.52051767, 1.68712703
0.016739688166495962, 0.40045624732971197, 8.52382748, 1.67843138
0.016709439556844764, 0.4008600020408631, 8.52382748, 1.67843138
0.016709439556844764, 0.40125646829605105, 8.52382748, 1.67843138
0.016709439556844764, 0.40164757728576667, 8.52382748, 1.67843138
0.016709439556844764, 0.40204998731613156, 8.52382748, 1.67843138
0.01665239081524515, 0.40243629693984984, 8.52798299, 1.67043092
0.016301563075241932, 0.40286842584609983, 8.5345687, 1.62192413
0.016091107902063063, 0.4032758355140686, 8.5329842, 1.61401636
0.01601420514185254, 0.403678982257843, 8.53277038, 1.60591742
0.015988079633891573, 0.4040758705139161, 8.53277038, 1.60591742
0.015988079633891573, 0.40446981191635134, 8.53277038, 1.60591742
0.015988079633891573, 0.4048726296424866, 8.53277038, 1.60591742
0.015988079633891573, 0.4052837300300598, 8.53277038, 1.60591742
0.015651012842747527, 0.40576763629913326, 8.5158372, 1.55468202
0.015479615240969382, 0.40616596937179567, 8.51170602, 1.54784021
0.015417135693575383, 0.4065616703033448, 8.50731235, 1.54050018
0.01539581128284205, 0.40695268630981446, 8.50731235, 1.54050018
0.01539581128284205, 0.4073472428321838, 8.50731235, 1.54050018
0.01539581128284205, 0.40774911642074585, 8.50731235, 1.54050018
0.01539581128284205, 0.4081398749351502, 8.50731235, 1.54050018
0.015356257760288983, 0.4085462689399719, 8.50313251, 1.53368153
0.015136178321293485, 0.4089547228813172, 8.46812404, 1.49681916
0.015003973096871154, 0.4093510603904725, 8.46119327, 1.49071309
0.014933497843254952, 0.4097568321228027, 8.45478747, 1.48406245
0.014933497843254952, 0.41017452716827396, 8.45478747, 1.48406245
0.014933497843254952, 0.4105667018890381, 8.45478747, 1.48406245
0.014933497843254952, 0.4109739112854004, 8.45478747, 1.48406245
0.014933497843254952, 0.41137242317199707, 8.45478747, 1.48406245
0.014810659097132653, 0.41178637742996216, 8.39230883, 1.4452999
0.014641215488258735, 0.4121889233589172, 8.38230641, 1.44116932
0.014613461234368956, 0.41259033203125, 8.37291154, 1.43658107
0.014603580623396128, 0.4129849886894227, 8.37291154, 1.43658107
0.014603580623396128, 0.4133839726448059, 8.37291154, 1.43658107
0.014603580623396128, 0.41379219055175787, 8.37291154, 1.43658107
0.014603580623396128, 0.4141966319084168, 8.37291154, 1.43658107
0.014591918455972026, 0.4145986557006836, 8.36208775, 1.43297189
0.014506203556439744, 0.4149931764602662, 8.28746331, 1.40829269
0.014455658406784333, 0.4153962802886963, 8.27423366, 1.40446916
0.01444297399432088, 0.4158010220527649, 8.26150464, 1.40121336
0.014439282598525477, 0.41620683670043945, 8.26150464, 1.40121336
0.014439282598525477, 0.4166159915924072, 8.26150464, 1.40121336
0.014439282598525477, 0.41703582525253297, 8.26150464, 1.40121336
0.014439282598525477, 0.41743958711624146, 8.26150464, 1.40121336
0.01447008511788435, 0.4178503012657166, 8.1693638, 1.37974362
0.014372579813266796, 0.4182434344291687, 8.15652788, 1.37655734
0.014380608810577605, 0.4186348652839661, 8.14306007, 1.37596642
0.014386362174030009, 0.41903891324996956, 8.14306007, 1.37596642
0.014386362174030009, 0.41943060874938964, 8.14306007, 1.37596642
0.014386362174030009, 0.41982798337936406, 8.14306007, 1.37596642
0.014386362174030009, 0.42022294044494635, 8.14306007, 1.37596642
0.014389645421942328, 0.4206088137626648, 8.13106985, 1.37441963
0.014427017904172171, 0.4210197854042053, 8.05819506, 1.36727077
0.01445040497826797, 0.42141865491867064, 8.04734694, 1.36622799
0.014453080823471784, 0.4218084263801575, 8.03622674, 1.36432781
0.01445303833483395, 0.42220344781875613, 8.03622674, 1.36432781
0.01445303833483395, 0.4226091837882996, 8.03622674, 1.36432781
0.01445303833483395, 0.4230172729492188, 8.03622674, 1.36432781
0.01445303833483395, 0.42341058492660527, 8.03622674, 1.36432781
0.014448217643252576, 0.4238301181793213, 8.02574802, 1.3618541
0.014423120039598367, 0.42422550439834594, 7.97435565, 1.34988527
0.014387578223769706, 0.42462340831756595, 7.96268616, 1.34518116
0.01438314335232509, 0.4250162053108215, 7.96268616, 1.34518116
0.01438314335232509, 0.42543400764465333, 7.96268616, 1.34518116
0.01438314335232509, 0.4258376121520996, 7.96268616, 1.34518116
0.01438314335232509, 0.42622859239578254, 7.96268616, 1.34518116
0.014372464733810632, 0.42696905374526983, 7.92514058, 1.32736695
0.014250539491593505, 0.427362744808197, 7.9225209, 1.32527559
0.014230968730077532, 0.42775046348571777, 7.92000813, 1.32290037
0.014224089814737892, 0.428148353099823, 7.92000813, 1.32290037
0.014224089814737892, 0.42855096340179444, 7.92000813, 1.32290037
0.014224089814737892, 0.4289606976509094, 7.92000813, 1.32290037
0.014224089814737892, 0.429351077079773, 7.92000813, 1.32290037
0.014213310228021324, 0.42974530458450316, 7.91793775, 1.32102336
0.014127517497996, 0.43015053987503055, 7.90942249, 1.30819713
0.014080749512190268, 0.4305503034591675, 7.90888793, 1.30717752
0.014070065827212134, 0.43093741416931153, 7.90920867, 1.30618108
0.014066365614091119, 0.4313511538505554, 7.90920867, 1.30618108
0.014066365614091119, 0.4317453527450562, 7.90920867, 1.30618108
0.014066365614091119, 0.43214026689529417, 7.90920867, 1.30618108
0.014066365614091119, 0.4325638484954834, 7.90920867, 1.30618108
0.014043476723777721, 0.43295421361923225, 7.9097093, 1.30301797
0.013937432439513705, 0.4333709001541138, 7.92135447, 1.29520289
0.01392392648570966, 0.4337623810768128, 7.92362908, 1.29482633
0.013921290792532435, 0.4341711926460266, 7.92362908, 1.29482633
0.013921290792532435, 0.43456665039062503, 7.92362908, 1.29482633
0.013921290792532435, 0.43496700048446657, 7.92362908, 1.29482633
0.013921290792532435, 0.4353607273101807, 7.92362908, 1.29482633
0.01391082211903709, 0.435771791934967, 7.92691456, 1.29387624
0.013909778453948007, 0.4361685943603516, 7.94508718, 1.29743908
0.01391544054056983, 0.43656993150711065, 7.9485039, 1.29850504
0.013924553987420919, 0.43697009563446043, 7.95186237, 1.30009818
0.013928219023148329, 0.4373685073852539, 7.95186237, 1.30009818
0.013928219023148329, 0.4377830052375794, 7.95186237, 1.30009818
0.013928219023148329, 0.4381753945350647, 7.95186237, 1.30009818
0.013928219023148329, 0.43861916780471805, 7.95186237, 1.30009818
0.013944356655476917, 0.4390280222892762, 7.95334953, 1.30264141
0.014047569163084469, 0.4394313478469849, 7.96523285, 1.31817308
0.014151948683970007, 0.439827184677124, 7.96792552, 1.32522925
0.01416453381390541, 0.4402150964736939, 7.96792552, 1.32522925
0.01416453381390541, 0.44061058998107916, 7.96792552, 1.32522925
0.01416453381390541, 0.44100476741790773, 7.96792552, 1.32522925
0.01416453381390541, 0.44140340089797975, 7.96792552, 1.32522925
0.014198482713417847, 0.44213871240615854, 7.97681976, 1.35489642
0.014490068365280058, 0.44254019975662234, 7.97946377, 1.35967005
0.01453128452647954, 0.4429293990135193, 7.98145158, 1.36375428
0.014544347992164168, 0.44333594322204595, 7.98145158, 1.36375428
0.014544347992164168, 0.44372950553894047, 7.98145158, 1.36375428
0.014544347992164168, 0.4441381669044495, 7.98145158, 1.36375428
0.014544347992164168, 0.4445600390434265, 7.98145158, 1.36375428
0.014580055881226291, 0.44496982336044316, 7.98179664, 1.36893343
0.014822409569918349, 0.4453612613677979, 7.99258651, 1.40304402
0.01496648788942975, 0.44576075315475466, 7.99518186, 1.40807834
0.015040350498609568, 0.44617660999298103, 7.99814661, 1.41416124
0.015040350498609568, 0.44658072233200075, 7.99814661, 1.41416124
0.015040350498609568, 0.4469909286499024, 7.99814661, 1.41416124
0.015040350498609568, 0.44740442514419565, 7.99814661, 1.41416124
0.015040350498609568, 0.4478020358085633, 7.99814661, 1.41416124
0.015190074662415199, 0.4482140016555786, 8.01336406, 1.45017201
0.015414867459008627, 0.4486117196083069, 8.01351964, 1.45427942
0.015456659446156533, 0.44902377128601073, 8.01698502, 1.45890821
0.015470495739545082, 0.44943141698837286, 8.01698502, 1.45890821
0.015470495739545082, 0.4498280262947083, 8.01698502, 1.45890821
0.015470495739545082, 0.4502299356460572, 8.01698502, 1.45890821
0.015470495739545082, 0.45061882019042976, 8.01698502, 1.45890821
0.015512136660174019, 0.4510089206695557, 8.01590117, 1.46473042
0.01572212254901021, 0.4513966608047486, 8.01728142, 1.49235258
0.015850413380285866, 0.4518070244789124, 8.01646005, 1.49707986
0.01590247252306514, 0.45219203233718874, 8.0142341, 1.50176079
0.01592007506520108, 0.45259184598922736, 8.0142341, 1.50176079
0.01592007506520108, 0.45300793170928955, 8.0142341, 1.50176079
0.01592007506520108, 0.4534234595298767, 8.0142341, 1.50176079
0.01592007506520108, 0.4538347172737122, 8.0142341, 1.50176079
0.015952989182046573, 0.45424542427062986, 8.01288776, 1.50627373
0.01623909435748225, 0.4546381282806397, 7.99454999, 1.53197253
0.016297296425432914, 0.4550346374511719, 7.99124018, 1.53501398
0.016310005666193755, 0.45543337821960456, 7.99124018, 1.53501398
0.016310005666193755, 0.45582214117050174, 7.99124018, 1.53501398
0.016310005666193755, 0.4562169623374939, 7.99124018, 1.53501398
0.016310005666193755, 0.4566157960891724, 7.99124018, 1.53501398
0.01633128689006609, 0.457007691860199, 7.98870307, 1.53760356
0.016474077390576426, 0.4574124193191529, 7.96935444, 1.55294984
0.016550497559667973, 0.45780192613601683, 7.96692425, 1.55396945
0.016575975847157885, 0.4582148003578187, 7.9656509, 1.55665172
0.016586128684701724, 0.4586272740364075, 7.9656509, 1.55665172
0.016586128684701724, 0.4590245413780213, 7.9656509, 1.55665172
0.016586128684701724, 0.4594260430335999, 7.9656509, 1.55665172
0.016586128684701724, 0.45980577230453495, 7.9656509, 1.55665172
0.016609494896946672, 0.460207166671753, 7.96298256, 1.559502
0.01671129098422989, 0.4605900359153748, 7.95038479, 1.57002252
0.016773618191209608, 0.4609885120391846, 7.9481345, 1.57206753
0.01679901624958934, 0.4613933825492859, 7.94731313, 1.57351584
0.01679901624958934, 0.46180913209915164, 7.94731313, 1.57351584
0.01679901624958934, 0.46220373868942266, 7.94731313, 1.57351584
0.01679901624958934, 0.4626163053512574, 7.94731313, 1.57351584
0.01679901624958934, 0.46302658319473267, 7.94731313, 1.57351584
0.016842931346909316, 0.46341598272323614, 7.94601546, 1.58309206
0.01690663688253822, 0.46382988691329957, 7.94633619, 1.58392049
0.016917975117219198, 0.4642177271842957, 7.94696807, 1.58529928
0.016922318741367202, 0.46461447238922127, 7.94696807, 1.58529928
0.016922318741367202, 0.46501455783844003, 7.94696807, 1.58529928
0.016922318741367202, 0.465423583984375, 7.94696807, 1.58529928
0.016922318741367202, 0.4658219885826111, 7.94696807, 1.58529928
0.016924903189914884, 0.4662351131439209, 7.94913578, 1.58610454
0.01699729277462966, 0.4666288757324219, 7.95969708, 1.59848469
0.01704567663631176, 0.46702448368072513, 7.96239934, 1.60088309
0.017074363847998764, 0.46742608547210696, 7.9651746, 1.60358854
0.017074363847998764, 0.4678259491920471, 7.9651746, 1.60358854
0.017074363847998764, 0.46821390390396117, 7.9651746, 1.60358854
0.017074363847998764, 0.46861206531524663, 7.9651746, 1.60358854
0.017074363847998764, 0.46900470495224, 7.9651746, 1.60358854
0.01708875182705895, 0.4694146609306336, 7.96792552, 1.60622446
0.017323395041312598, 0.4698179149627686, 7.99158524, 1.63408414
0.01735593529911807, 0.4702186870574952, 7.9946569, 1.63783816
0.01736668636521278, 0.47063305616378787, 7.9946569, 1.63783816
0.01736668636521278, 0.47102254152297973, 7.9946569, 1.63783816
0.01736668636521278, 0.4714135718345642, 7.9946569, 1.63783816
0.01736668636521278, 0.4718243217468262, 7.9946569, 1.63783816
0.017393648563427386, 0.4722213244438172, 7.99836043, 1.6425191
0.01759325761824336, 0.47260847091674807, 8.0138647, 1.67285249
0.01771379371699642, 0.4730085849761963, 8.01637747, 1.67738859
0.017756981673841526, 0.4734028482437134, 8.01862776, 1.68216222
0.017771707622039397, 0.47379744052886963, 8.01862776, 1.68216222
0.017771707622039397, 0.47421115875244146, 8.01862776, 1.68216222
0.017771707622039397, 0.47460100889205936, 8.01862776, 1.68216222
0.017771707622039397, 0.4749908876419068, 8.01862776, 1.68216222
0.017799607360655882, 0.47540814638137824, 8.02059123, 1.68665198
0.0179722041348934, 0.4758171796798706, 8.03308209, 1.71251879
0.018106251697994312, 0.47621069192886356, 8.03728627, 1.72139982
0.0181331814337901, 0.4766124224662781, 8.03728627, 1.72139982
0.0181331814337901, 0.47701258659362794, 8.03728627, 1.72139982
0.0181331814337901, 0.4774099969863892, 8.03728627, 1.72139982
0.0181331814337901, 0.4778131437301636, 8.03728627, 1.72139982
0.01840958818754016, 0.47922003030776983, 8.04363381, 1.75263696
0.018438179796333932, 0.47963959932327277, 8.04363381, 1.75263696
0.018438179796333932, 0.480036952495575, 8.04363381, 1.75263696
0.018438179796333932, 0.48043025016784674, 8.04363381, 1.75263696
0.018438179796333932, 0.4808421587944031, 8.04363381, 1.75263696
0.018438179796333932, 0.48124108552932743, 8.04490716, 1.75263696
0.018589103325104425, 0.48163308143615724, 8.04728869, 1.77418201
0.018660661883151713, 0.4820308494567872, 8.04776499, 1.77591419
0.01868832328743028, 0.48243937492370603, 8.04774066, 1.77916999
0.018699392208576363, 0.4828304982185364, 8.04774066, 1.77916999
0.018699392208576363, 0.48322581291198735, 8.04774066, 1.77916999
0.018699392208576363, 0.4836143898963929, 8.04774066, 1.77916999
0.018699392208576363, 0.4840018725395203, 8.04774066, 1.77916999
0.018718001833077362, 0.4844156050682068, 8.04940773, 1.78228096
0.01882029087095207, 0.4848229002952576, 8.05036034, 1.79620211
0.01887984941259986, 0.48523193359375005, 8.05086098, 1.79824133
0.01890618886619068, 0.48562300682067877, 8.0502291, 1.80102209
0.018916091985777168, 0.48602702617645266, 8.0502291, 1.80102209
0.018916091985777168, 0.48641308546066286, 8.0502291, 1.80102209
0.018916091985777168, 0.4868178272247315, 8.0502291, 1.80102209
0.018916091985777168, 0.48721396446228027, 8.0502291, 1.80102209
0.01893018590916815, 0.4876258659362794, 8.04932515, 1.80289909
0.019066768397087038, 0.4880123043060303, 8.04226315, 1.81593967
0.019105067894894037, 0.48841344118118285, 8.0405135, 1.81836125
0.01911461589395895, 0.4888324594497681, 8.0405135, 1.81836125
0.01911461589395895, 0.48923989772796633, 8.0405135, 1.81836125
0.01911461589395895, 0.4896355772018433, 8.0405135, 1.81836125
0.01911461589395895, 0.49002788782119755, 8.0405135, 1.81836125
0.019134596246708893, 0.490420470237732, 8.03767999, 1.82066696
0.01924492145037085, 0.49082988977432257, 8.0263069, 1.83287331
0.019309074050893958, 0.4912238740921021, 8.02466416, 1.83455914
0.01933250965972043, 0.49161563396453867, 8.02217572, 1.83641298
0.019340731192413762, 0.49200403213500976, 8.02217572, 1.83641298
0.019340731192413762, 0.4924158835411072, 8.02217572, 1.83641298
0.019340731192413762, 0.49281179904937744, 8.02217572, 1.83641298
0.019340731192413762, 0.4932020998001099, 8.02217572, 1.83641298
0.01937036533825029, 0.49359310865402223, 8.02063989, 1.84042769
0.019492206741416045, 0.4939945673942566, 8.00470798, 1.85251818
0.019579510923199487, 0.49440621852874755, 7.99769464, 1.85795803
0.019617745212839814, 0.49483499288558963, 7.99769464, 1.85795803
0.019617745212839814, 0.49523905515670774, 7.99769464, 1.85795803
0.019617745212839814, 0.49563891887664796, 7.99769464, 1.85795803
0.019617745212839814, 0.49603618621826173, 7.99769464, 1.85795803
0.01963049655752635, 0.4964457774162293, 7.99595457, 1.86090099
0.019786327601637486, 0.4968555760383606, 7.981296, 1.87724372
0.019882661663474778, 0.497246584892273, 7.97766546, 1.88066752
0.01991921821193562, 0.49764379501342776, 7.97623654, 1.88356414
0.019930219313483585, 0.49803699254989625, 7.97623654, 1.88356414
0.019930219313483585, 0.49844646930694586, 7.97623654, 1.88356414
0.019930219313483585, 0.4988531064987183, 7.97623654, 1.88356414
0.019930219313483585, 0.4992503452301026, 7.97623654, 1.88356414
0.0199591526427777, 0.49963978767395023, 7.97192546, 1.88679677
0.0201194368116699, 0.5000333070755005, 7.95935202, 1.90522506
0.02021656729084625, 0.5004254388809205, 7.95789877, 1.90843451
0.020254821712783734, 0.5008206105232239, 7.95575539, 1.91175983
0.02026789349198903, 0.5012182140350342, 7.95575539, 1.91175983
0.02026789349198903, 0.5016116833686829, 7.95575539, 1.91175983
0.02026789349198903, 0.5020041799545288, 7.95575539, 1.91175983
0.02026789349198903, 0.5023964619636536, 7.95575539, 1.91175983
0.0202916520855693, 0.5028024625778198, 7.95329129, 1.91465645
0.02054513159566585, 0.5031977343559266, 7.94395466, 1.93717476
0.020580340914435682, 0.5035944366455078, 7.94241883, 1.94028573
0.020592206059655446, 0.5039846658706665, 7.94241883, 1.94028573
0.020592206059655446, 0.504388062953949, 7.94241883, 1.94028573
0.020592206059655446, 0.5047782349586487, 7.94241883, 1.94028573
0.020592206059655446, 0.5051742935180664, 7.94241883, 1.94028573
0.020624475423086285, 0.5058802437782288, 7.93421472, 1.95629245
0.020791765899723175, 0.5062734484672546, 7.93209568, 1.95805359
0.020806617823751237, 0.5066720318794251, 7.93220259, 1.95911955
0.020810156572996834, 0.5070918726921082, 7.93220259, 1.95911955
0.020810156572996834, 0.5075121068954468, 7.93220259, 1.95911955
0.020810156572996834, 0.5079214835166932, 7.93220259, 1.95911955
0.020810156572996834, 0.5083195590972901, 7.93220259, 1.95911955
0.020816488819722343, 0.5087212109565735, 7.93209568, 1.96002329
0.020820662637623076, 0.5091283345222474, 7.93053552, 1.95978577
0.020817707934508965, 0.5095226836204529, 7.93085625, 1.95935707
0.02080832371323138, 0.5099234342575073, 7.92926217, 1.95783924
0.02080449624018836, 0.5103421092033387, 7.92926217, 1.95783924
0.02080449624018836, 0.5107314229011536, 7.92926217, 1.95783924
0.02080449624018836, 0.5111450409889222, 7.92926217, 1.95783924
0.02080449624018836, 0.5115399050712586, 7.92926217, 1.95783924
0.020758275837494598, 0.5119627928733826, 7.92598628, 1.94684368
0.020677230287093028, 0.512366361618042, 7.92585504, 1.94341987
0.020653704819216082, 0.5127884840965271, 7.92516491, 1.94149652
0.02064772329204625, 0.5131862092018128, 7.92516491, 1.94149652
0.02064772329204625, 0.5135913944244386, 7.92516491, 1.94149652
0.02064772329204625, 0.5139887762069703, 7.92516491, 1.94149652
0.02064772329204625, 0.51439288854599, 7.92516491, 1.94149652
0.020633627549548894, 0.5148054480552673, 7.92399848, 1.93914446
0.02054641786553912, 0.5151937961578369, 7.91536673, 1.92529863
0.02048955207521238, 0.5155873441696167, 7.91500692, 1.92275539
0.020468478215742613, 0.5159738183021545, 7.91315036, 1.92044969
0.02046213750699428, 0.5163764572143555, 7.91315036, 1.92044969
0.02046213750699428, 0.5167807126045227, 7.91315036, 1.92044969
0.02046213750699428, 0.5171811127662659, 7.91315036, 1.92044969
0.02046213750699428, 0.5175752830505371, 7.91315036, 1.92044969
0.02045279929538179, 0.5179801535606384, 7.91163886, 1.91871751
0.020296196624524806, 0.5187030124664307, 7.89520631, 1.89836007
0.020279729340154064, 0.519101746082306, 7.89520631, 1.89836007
0.020279729340154064, 0.5195156717300415, 7.89520631, 1.89836007
0.020279729340154064, 0.519909291267395, 7.89520631, 1.89836007
0.020279729340154064, 0.5203212213516235, 7.89520631, 1.89836007
0.020280819872609095, 0.5207219004631043, 7.8938843, 1.8956778
0.02010623014497326, 0.5211286664009094, 7.87991586, 1.87063943
0.020011526662743986, 0.5215195608139038, 7.87663038, 1.86693755
0.019969680004225013, 0.521919903755188, 7.87443834, 1.86180474
0.01995378725292856, 0.5223238801956177, 7.87443834, 1.86180474
0.01995378725292856, 0.5227270698547364, 7.87443834, 1.86180474
0.01995378725292856, 0.5231239867210389, 7.87443834, 1.86180474
0.01995378725292856, 0.5235161685943603, 7.87443834, 1.86180474
0.01992562698512954, 0.5239249873161317, 7.87181866, 1.85710063
0.019706323807061707, 0.5243171620368958, 7.85985277, 1.82458318
0.01956545877069315, 0.5247087216377259, 7.85861334, 1.81876677
0.01948486338592734, 0.525115294456482, 7.85770939, 1.81263753
0.01948486338592734, 0.525523226261139, 7.85770939, 1.81263753
0.01948486338592734, 0.5259249711036682, 7.85770939, 1.81263753
0.01948486338592734, 0.5263207364082337, 7.85770939, 1.81263753
0.01948486338592734, 0.5267180681228638, 7.85770939, 1.81263753
0.0189771621940977, 0.5281291604042053, 7.8436827, 1.76066639
0.0189771621940977, 0.5285248255729675, 7.8436827, 1.76066639
0.0189771621940977, 0.5289408397674561, 7.8436827, 1.76066639
0.0189771621940977, 0.52933358669281, 7.8436827, 1.76066639
0.0189771621940977, 0.5297494435310364, 7.8436827, 1.76066639
0.01893435681508422, 0.5301458454132081, 7.84167057, 1.7540621
0.01856704055985808, 0.5305521035194397, 7.83032181, 1.7167942
0.018518963987763898, 0.5309421110153199, 7.82789162, 1.71187574
0.01850364812584085, 0.5313570737838745, 7.82789162, 1.71187574
0.01850364812584085, 0.5317570805549622, 7.82789162, 1.71187574
0.01850364812584085, 0.5321559858322144, 7.82789162, 1.71187574
0.01850364812584085, 0.5325522446632386, 7.82789162, 1.71187574
0.01848049522700279, 0.5329402565956116, 7.8257969, 1.70810434
0.018320543353350618, 0.5333465647697448, 7.81590139, 1.6847518
0.018225737143322825, 0.5337592387199402, 7.81444814, 1.681496
0.01819972326910292, 0.5341588664054872, 7.81039954, 1.67838503
0.018191870956470773, 0.534561026096344, 7.81039954, 1.67838503
0.018191870956470773, 0.5349659180641175, 7.81039954, 1.67838503
0.018191870956470773, 0.5353574848175049, 7.81039954, 1.67838503
0.018191870956470773, 0.5357586932182312, 7.81039954, 1.67838503
0.018168476042249335, 0.5361777758598328, 7.8091262, 1.67477584
0.017962472339411818, 0.5365652441978455, 7.79520642, 1.65171296
0.017916945189612128, 0.5369785475730897, 7.79340811, 1.64733907
0.017902897015709837, 0.5373676753044129, 7.79340811, 1.64733907
0.017902897015709837, 0.5377594566345215, 7.79340811, 1.64733907
0.017902897015709837, 0.5381812286376954, 7.79340811, 1.64733907
0.017902897015709837, 0.538592758178711, 7.79340811, 1.64733907
0.01788947137497807, 0.5390021634101868, 7.79075451, 1.64487115
0.017761631611848818, 0.5393957901000977, 7.77734495, 1.62487289
0.017678966828741816, 0.5397878074645996, 7.77435588, 1.62111887
0.017644371830207693, 0.5401883006095887, 7.77141546, 1.61717368
0.01763259965887196, 0.5405829644203186, 7.77141546, 1.61717368
0.01763259965887196, 0.5409848952293397, 7.77141546, 1.61717368
0.01763259965887196, 0.5413895297050477, 7.77141546, 1.61717368
0.01763259965887196, 0.5417935848236084, 7.77141546, 1.61717368
0.01761539760863675, 0.5422096633911133, 7.76918951, 1.61427706
0.017517089504682407, 0.5426208925247192, 7.74604001, 1.5949682
0.017433385141234287, 0.5430161070823669, 7.7430996, 1.59166605
0.017423813061134222, 0.543419725894928, 7.7430996, 1.59166605
0.017423813061134222, 0.5438235950469971, 7.7430996, 1.59166605
0.017423813061134222, 0.5442196679115295, 7.7430996, 1.59166605
0.017423813061134222, 0.5446161484718324, 7.7430996, 1.59166605
0.017417657940279642, 0.5450445008277893, 7.73725269, 1.58959787
0.017360041459076107, 0.5454831957817078, 7.7049708, 1.57532333
0.017327085902486203, 0.545877194404602, 7.70073271, 1.57366067
0.017319365287027596, 0.546263017654419, 7.69406443, 1.57161566
0.017316926503348738, 0.5466623377799988, 7.69406443, 1.57161566
0.017316926503348738, 0.5470960116386414, 7.69406443, 1.57161566
0.017316926503348738, 0.5474914479255677, 7.69406443, 1.57161566
0.017316926503348738, 0.5478982496261597, 7.69406443, 1.57161566
0.017312728556445417, 0.5482953238487245, 7.6876343, 1.56971547
0.017355181100422706, 0.5487859106063844, 7.6345992, 1.56323284
0.017375617101020122, 0.5491778349876404, 7.62714347, 1.56420611
0.017384628351439654, 0.5495760607719422, 7.62714347, 1.56420611
0.017384628351439654, 0.5499728703498841, 7.62714347, 1.56420611
0.017384628351439654, 0.5503877115249634, 7.62714347, 1.56420611
0.017384628351439654, 0.550798876285553, 7.62714347, 1.56420611
0.01740050605504763, 0.5512093830108643, 7.61861862, 1.56465798
0.0175428612578966, 0.551617250442505, 7.56334282, 1.57180683
0.017634515689573204, 0.5520192241668702, 7.55310225, 1.57304079
0.01769870428264599, 0.5524315762519837, 7.54360046, 1.57582155
0.01769870428264599, 0.5528313326835633, 7.54360046, 1.57582155
0.01769870428264599, 0.5532209396362304, 7.54360046, 1.57582155
0.01769870428264599, 0.5536156535148621, 7.54360046, 1.57582155
0.01769870428264599, 0.5540305948257447, 7.54360046, 1.57582155
0.01772437725868259, 0.5544211530685426, 7.53377794, 1.57729303
0.018069418066033606, 0.5548247504234315, 7.45696147, 1.59309119
0.018125323674615595, 0.5552167677879334, 7.44613768, 1.59572711
0.018143528031944252, 0.5556069326400757, 7.44613768, 1.59572711
0.018143528031944252, 0.5560005021095276, 7.44613768, 1.59572711
0.018143528031944252, 0.5563944792747498, 7.44613768, 1.59572711
0.018143528031944252, 0.5568065237998963, 7.44613768, 1.59572711
0.01818222418008187, 0.5572283029556274, 7.43436127, 1.59845573
0.01845059335788195, 0.5576344752311707, 7.36452422, 1.61695933
0.018615240080940808, 0.5580186533927918, 7.35356919, 1.61995443
0.018685544967380688, 0.5584079027175903, 7.34243425, 1.62425302
0.018710663367802326, 0.5588166570663453, 7.34243425, 1.62425302
0.018710663367802326, 0.5592136740684509, 7.34243425, 1.62425302
0.018710663367802326, 0.5596026659011841, 7.34243425, 1.62425302
0.018710663367802326, 0.5600088739395142, 7.34243425, 1.62425302
0.018758101101189695, 0.5604301738739015, 7.32996772, 1.6278622
0.01908722978020497, 0.560823199748993, 7.25891558, 1.65273257
0.01937294605287197, 0.5612293362617493, 7.23464831, 1.66126022
0.0193985809237325, 0.561616246700287, 7.23464831, 1.66126022
0.0193985809237325, 0.5620311164855958, 7.23464831, 1.66126022
0.0193985809237325, 0.5624325037002563, 7.23464831, 1.66126022
0.0193985809237325, 0.5628442835807801, 7.23464831, 1.66126022
0.019452933214407928, 0.5632415080070496, 7.22494229, 1.6662482
0.019819948825981232, 0.5636473226547242, 7.16039327, 1.69615289
0.02004620261607835, 0.5640429520606995, 7.14980763, 1.70107135
0.02013048291985195, 0.5644335746765137, 7.1415062, 1.70648803
0.020158539557493915, 0.564824562072754, 7.1415062, 1.70648803
0.020158539557493915, 0.5652194333076477, 7.1415062, 1.70648803
0.020158539557493915, 0.5656353330612183, 7.1415062, 1.70648803
0.020158539557493915, 0.5660484504699708, 7.1415062, 1.70648803
0.020213405923585955, 0.5664510321617127, 7.13136295, 1.71128483
0.020541304312176455, 0.5668629765510559, 7.08325606, 1.73907499
0.02077298721521091, 0.5672536993026733, 7.07219412, 1.74760264
0.020820356906998353, 0.567641146183014, 7.07219412, 1.74760264
0.020820356906998353, 0.5680558156967164, 7.07219412, 1.74760264
0.020820356906998353, 0.5684475040435791, 7.07219412, 1.74760264
0.020820356906998353, 0.5688369035720825, 7.07219412, 1.74760264
0.020820356906998353, 0.5692439198493957, 7.07219412, 1.74760264
0.021247133046371863, 0.5699603343009949, 7.03201927, 1.77743781
0.021306186803119024, 0.5703602695465089, 7.02831574, 1.78021277
0.021320403227276734, 0.5707690525054933, 7.02831574, 1.78021277
0.021320403227276734, 0.571203727722168, 7.02831574, 1.78021277
0.021320403227276734, 0.5715944576263429, 7.02831574, 1.78021277
0.021320403227276734, 0.571990659236908, 7.02831574, 1.78021277
0.021349752078157987, 0.5723826479911804, 7.02426714, 1.7830167
0.0214478554792783, 0.5727699804306031, 7.0075721, 1.78964417
0.021498842143444576, 0.5731663751602174, 7.00638134, 1.79054791
0.021504893772106005, 0.5735787272453308, 7.00482118, 1.79033356
0.02150560154235511, 0.5739944410324097, 7.00482118, 1.79033356
0.02150560154235511, 0.5744055986404419, 7.00482118, 1.79033356
0.02150560154235511, 0.5748102974891662, 7.00482118, 1.79033356
0.02150560154235511, 0.5751963353157044, 7.00482118, 1.79033356
0.021507472938165892, 0.5755967211723327, 7.00479685, 1.79057108
0.021463417019261376, 0.5760006403923035, 7.00066567, 1.78365975
0.02140000216473081, 0.5764040803909303, 7.00280904, 1.77995208
0.021391891038302555, 0.5768133354187012, 7.00280904, 1.77995208
0.021391891038302555, 0.5772180485725403, 7.00280904, 1.77995208
0.021391891038302555, 0.5776337838172914, 7.00280904, 1.77995208
0.021391891038302555, 0.5780191850662232, 7.00280904, 1.77995208
0.021371099129013093, 0.5784145426750184, 7.00196334, 1.77703229
0.021212810287410427, 0.5788046860694885, 7.0090836, 1.75959464
0.021111368345023418, 0.5792027473449707, 7.01038127, 1.75634463
0.02106684445716157, 0.5796052503585816, 7.01183452, 1.75270648
0.021051456387957655, 0.5800057935714722, 7.01183452, 1.75270648
0.021051456387957655, 0.58043044090271, 7.01183452, 1.75270648
0.021051456387957655, 0.5808396673202515, 7.01183452, 1.75270648
0.021051456387957655, 0.5812508893013001, 7.01183452, 1.75270648
0.021025990000403186, 0.5816645789146424, 7.01272889, 1.74961869
0.020810788629657004, 0.5820553731918335, 7.01720513, 1.7244181
0.020603920284771315, 0.5827627754211426, 7.01818207, 1.71551389
0.020603920284771315, 0.583165500164032, 7.01818207, 1.71551389
0.020603920284771315, 0.5835695123672486, 7.01818207, 1.71551389
0.020603920284771315, 0.58396479845047, 7.01818207, 1.71551389
0.020603920284771315, 0.5843750190734863, 7.01818207, 1.71551389
0.02056620405843073, 0.5847685241699219, 7.01837156, 1.71066495
0.020180134377315848, 0.5851752042770386, 7.01638376, 1.67700624
0.020137552895392243, 0.5855687093734742, 7.0159657, 1.67356506
0.02012464561549528, 0.5859649181365967, 7.0159657, 1.67356506
0.02012464561549528, 0.586378014087677, 7.0159657, 1.67356506
0.02012464561549528, 0.5867735075950623, 7.0159657, 1.67356506
0.02012464561549528, 0.5871679568290711, 7.0159657, 1.67356506
0.020084948621522238, 0.5875587582588195, 7.01527557, 1.66826424
0.019879906899859492, 0.5879627561569214, 7.00828656, 1.6426871
0.019764444018403354, 0.5883783769607545, 7.00688197, 1.63940813
0.019727494707976585, 0.5887669682502746, 7.00561822, 1.63582211
0.019714736620042708, 0.5891708445549011, 7.00561822, 1.63582211
0.019714736620042708, 0.5895730257034302, 7.00561822, 1.63582211
0.019714736620042708, 0.589977753162384, 7.00561822, 1.63582211
0.019714736620042708, 0.5903925228118897, 7.00561822, 1.63582211
0.01968204865862242, 0.5907871437072754, 7.00453436, 1.63135553
0.01943392755893318, 0.5915770363807679, 6.98719786, 1.60577259
0.019414158898254673, 0.5919711565971375, 6.98719786, 1.60577259
0.019414158898254673, 0.5923639965057373, 6.98719786, 1.60577259
0.019414158898254673, 0.592760090827942, 6.98719786, 1.60577259
0.019414158898254673, 0.5931558704376221, 6.98719786, 1.60577259
0.019414158898254673, 0.5935545253753662, 6.98429136, 1.60337419
0.019303432350577895, 0.5939589667320252, 6.97020643, 1.58855508
0.01923724642799074, 0.5943547892570497, 6.96912257, 1.5856295
0.019210749999674377, 0.5947464489936829, 6.9669792, 1.58309206
0.019202735749690926, 0.5951522207260133, 6.9669792, 1.58309206
0.019202735749690926, 0.5955474996566773, 6.9669792, 1.58309206
0.019202735749690926, 0.5959536719322205, 6.9669792, 1.58309206
0.019202735749690926, 0.5963558101654053, 6.9669792, 1.58309206
0.01918933084571408, 0.5967435002326965, 6.96541904, 1.58102387
0.019083228998484757, 0.597144958972931, 6.95663171, 1.56634381
0.01901140065639936, 0.5975512385368347, 6.95576168, 1.56332553
0.018972513136683203, 0.5979444074630738, 6.95414327, 1.56059692
0.018972513136683203, 0.5983457660675049, 6.95414327, 1.56059692
0.018972513136683203, 0.5987409949302673, 6.95414327, 1.56059692
0.018972513136683203, 0.5991307234764099, 6.95414327, 1.56059692
0.018972513136683203, 0.5995374751091004, 6.95414327, 1.56059692
0.018951760636787503, 0.5999316596984864, 6.95364263, 1.55783934
0.018744388202258624, 0.6003374314308167, 6.94580792, 1.53810177
0.018703881822432537, 0.6007400059700012, 6.94565235, 1.5348228
0.01869112383939628, 0.6011242198944092, 6.94565235, 1.5348228
0.01869112383939628, 0.6015308356285096, 6.94565235, 1.5348228
0.01869112383939628, 0.6019351553916932, 6.94565235, 1.5348228
0.01869112383939628, 0.6023448967933656, 6.94565235, 1.5348228
0.018670552567132348, 0.602738573551178, 6.94427209, 1.53190301
0.01858627827395587, 0.6031292247772218, 6.937317, 1.52097696
0.018545819847246604, 0.6035270929336548, 6.93638871, 1.52033391
0.01853723531540235, 0.6039222502708436, 6.93612623, 1.519407
0.018533809074026974, 0.6043174648284912, 6.93612623, 1.519407
0.018533809074026974, 0.6047060704231263, 6.93612623, 1.519407
0.018533809074026974, 0.6051011991500854, 6.93612623, 1.519407
0.018533809074026974, 0.6054968643188477, 6.93612623, 1.519407
0.01853362754852613, 0.6058889102935792, 6.93493547, 1.51912313
0.018561983593885754, 0.6062834739685059, 6.9277083, 1.52114497
0.018591711948491532, 0.6066817498207093, 6.92577875, 1.52268597
0.0186238893368867, 0.6070771789550782, 6.92482613, 1.5245398
0.0186238893368867, 0.6074785947799682, 6.92482613, 1.5245398
0.0186238893368867, 0.6078881001472474, 6.92482613, 1.5245398
0.0186238893368867, 0.6082863402366638, 6.92482613, 1.5245398
0.0186238893368867, 0.6086923551559449, 6.92482613, 1.5245398
0.01872336894144767, 0.6090890288352966, 6.91093069, 1.54204697
0.01888855827958256, 0.609502546787262, 6.90886989, 1.54423102
0.018931737701505615, 0.6098920321464539, 6.90616763, 1.54777069
0.018948106330961268, 0.6102828836441041, 6.90616763, 1.54777069
0.018948106330961268, 0.6106921458244324, 6.90616763, 1.54777069
0.018948106330961268, 0.6110860157012941, 6.90616763, 1.54777069
0.018948106330961268, 0.611479971408844, 6.90616763, 1.54777069
0.01897661507430949, 0.611900749206543, 6.90415549, 1.550928
0.01919771209432963, 0.6123193597793579, 6.88272173, 1.57223553
0.019343438270025385, 0.6127151823043824, 6.8786488, 1.57664998
0.019399489516931823, 0.6131048965454102, 6.87425514, 1.58005061
0.019416938927504356, 0.6135021710395814, 6.87425514, 1.58005061
0.019416938927504356, 0.6139172410964966, 6.87425514, 1.58005061
0.019416938927504356, 0.6143080139160156, 6.87425514, 1.58005061
0.019416938927504356, 0.6147031426429749, 6.87425514, 1.58005061
0.019462668436636524, 0.6150890803337098, 6.86980323, 1.58480107
0.019751277501327057, 0.6154773426055908, 6.83212641, 1.61099809
0.020005639706179343, 0.6158671641349793, 6.82736335, 1.62045265
0.020027861383211762, 0.6162632942199707, 6.82736335, 1.62045265
0.020027861383211762, 0.6166648817062378, 6.82736335, 1.62045265
0.020027861383211762, 0.617065646648407, 6.82736335, 1.62045265
0.020027861383211762, 0.6174603891372681, 6.82736335, 1.62045265
0.02003482900023084, 0.6178672766685487, 6.81998061, 1.62584616
0.02041812506238204, 0.6182558250427246, 6.77729299, 1.65385067
0.020613076900380042, 0.6186481571197511, 6.77137309, 1.65772055
0.020685447525834372, 0.6190514755249024, 6.7635627, 1.66221031
0.02071102447035697, 0.6194634199142456, 6.7635627, 1.66221031
0.02071102447035697, 0.6198686408996583, 6.7635627, 1.66221031
0.02071102447035697, 0.6202600932121277, 6.7635627, 1.66221031
0.02071102447035697, 0.6206520104408264, 6.7635627, 1.66221031
0.02076120288548804, 0.6210508012771607, 6.75514477, 1.6664162
0.021058695318123915, 0.6214413166046142, 6.70285804, 1.68736455
0.02123607156934983, 0.6218500137329102, 6.6938569, 1.69021482
0.021313591450840542, 0.6222597050666809, 6.68581795, 1.69289709
0.021313591450840542, 0.6226750683784485, 6.68581795, 1.69289709
0.021313591450840542, 0.6230842018127442, 6.68581795, 1.69289709
0.021313591450840542, 0.6234737086296083, 6.68581795, 1.69289709
0.021313591450840542, 0.623888463973999, 6.68581795, 1.69289709
0.021624468532654817, 0.6242803454399108, 6.62081695, 1.71169036
0.021764038120086746, 0.6246793866157532, 6.61320564, 1.71230444
0.02181461700872716, 0.6250768542289734, 6.60433574, 1.71494036
0.02183466513143707, 0.625484299659729, 6.60433574, 1.71494036
0.02183466513143707, 0.6258809661865234, 6.60433574, 1.71494036
0.02183466513143707, 0.6262811017036438, 6.60433574, 1.71494036
0.02183466513143707, 0.6266926956176758, 6.60433574, 1.71494036
0.021873387229767567, 0.6271043109893799, 6.59571357, 1.71746042
0.022113716090151312, 0.6274869585037232, 6.54410738, 1.73099922
0.022254398126831353, 0.6278722596168518, 6.5374391, 1.73292257
0.022304478710638294, 0.6282685899734497, 6.53021194, 1.73527463
0.02232196946977407, 0.6286665868759156, 6.53021194, 1.73527463
0.02232196946977407, 0.6290739250183106, 6.53021194, 1.73527463
0.02232196946977407, 0.6294769716262818, 6.53021194, 1.73527463
0.02232196946977407, 0.6298760485649109, 6.53021194, 1.73527463
0.022353550940359776, 0.6302717351913453, 6.52322292, 1.7372675
0.022704688886337573, 0.6306800031661988, 6.48308199, 1.75708038
0.02278103620128829, 0.6310807895660401, 6.4782946, 1.75997699
0.022798311176783905, 0.6314941287040711, 6.4782946, 1.75997699
0.022798311176783905, 0.6318878197669984, 6.4782946, 1.75997699
0.022798311176783905, 0.6323038411140443, 6.4782946, 1.75997699
0.022798311176783905, 0.6326970529556275, 6.4782946, 1.75997699
0.022838640027531096, 0.6331118798255921, 6.47435291, 1.76380053
0.023083410212697344, 0.6334934544563293, 6.45296782, 1.78517758
0.023235436786977124, 0.6338911008834839, 6.44974059, 1.7890996
0.023282825693446415, 0.6342884826660157, 6.44746597, 1.79180504
0.023296589223085196, 0.6346828603744508, 6.44746597, 1.79180504
0.023296589223085196, 0.635079197883606, 6.44746597, 1.79180504
0.023296589223085196, 0.6354884958267213, 6.44746597, 1.79180504
0.023296589223085196, 0.6358927083015442, 6.44746597, 1.79180504
0.02333007239454421, 0.6362804412841797, 6.44611963, 1.79548954
0.02352595406591386, 0.6366915130615235, 6.43995199, 1.8154878
0.02366915951096163, 0.637089216709137, 6.44103584, 1.82220796
0.023694793143278776, 0.6374815344810486, 6.44103584, 1.82220796
0.023694793143278776, 0.6378870844841004, 6.44103584, 1.82220796
0.023694793143278776, 0.6382822704315185, 6.44103584, 1.82220796
0.023694793143278776, 0.6386803960800171, 6.44103584, 1.82220796
0.023694793143278776, 0.6390689301490784, 6.44103584, 1.82220796
0.02385321401820604, 0.639477276802063, 6.45315731, 1.84308679
0.023919470721687708, 0.6398981761932373, 6.45627763, 1.84515497
0.023936222405518952, 0.640303168296814, 6.46008807, 1.8476982
0.023942184039734214, 0.6406957793235779, 6.46008807, 1.8476982
0.023942184039734214, 0.641105513572693, 6.46008807, 1.8476982
0.023942184039734214, 0.6415116643905641, 6.46008807, 1.8476982
0.023942184039734214, 0.6419063782691956, 6.46008807, 1.8476982
0.023948255862303626, 0.6423245167732239, 6.46355345, 1.84943038
0.023949875702412124, 0.6427324271202088, 6.4892253, 1.85660241
0.02393175440423273, 0.643488302230835, 6.49819254, 1.85774368
0.02393175440423273, 0.6438915777206422, 6.49819254, 1.85774368
0.02393175440423273, 0.6442867136001588, 6.49819254, 1.85774368
0.02393175440423273, 0.6446760988235474, 6.49819254, 1.85774368
0.02393175440423273, 0.6450723147392273, 6.49819254, 1.85774368
0.023923371351225832, 0.6454698467254639, 6.50420461, 1.85843307
0.023754784925791535, 0.6458763408660889, 6.54029694, 1.85465588
0.023724998926329694, 0.6462859106063843, 6.54540506, 1.85327709
0.023713544065650623, 0.6466851592063904, 6.54540506, 1.85327709
0.023713544065650623, 0.6470892572402954, 6.54540506, 1.85327709
0.023713544065650623, 0.6474825763702393, 6.54540506, 1.85327709
0.023713544065650623, 0.6478783702850343, 6.54540506, 1.85327709
0.023692181286156497, 0.6482644510269165, 6.55120331, 1.85228065
0.023534236109980122, 0.6486593723297119, 6.58411707, 1.84332431
0.023445499499594742, 0.6490550374984742, 6.5896285, 1.84299409
0.023414796950085644, 0.6494512176513673, 6.5957379, 1.84182965
0.023403221854623776, 0.6498372769355775, 6.5957379, 1.84182965
0.023403221854623776, 0.6502310967445374, 6.5957379, 1.84182965
0.023403221854623776, 0.6506258964538574, 6.5957379, 1.84182965
0.023403221854623776, 0.6510265684127808, 6.5957379, 1.84182965
0.02337776547624308, 0.6514289140701294, 6.60041838, 1.83997582
0.023230866798999626, 0.6518192148208619, 6.63712784, 1.83347001
0.0231508497597422, 0.6522129702568055, 6.64133202, 1.83301814
0.02312014035560519, 0.6526979637145996, 6.64614374, 1.83232874
0.02312014035560519, 0.6531022548675537, 6.64614374, 1.83232874
0.02312014035560519, 0.653530821800232, 6.64614374, 1.83232874
0.02312014035560519, 0.6539352345466615, 6.64614374, 1.83232874
0.023104573432260467, 0.654330599308014, 6.65233571, 1.83209122
0.023037994512179215, 0.6547173666954041, 6.68153119, 1.83275744
0.023001000060243845, 0.6551082968711853, 6.68525906, 1.83282696
0.02300023694079745, 0.6555230593681336, 6.68811689, 1.8339914
0.023001754561756987, 0.6559316277503967, 6.68811689, 1.8339914
0.023001754561756987, 0.6563239026069642, 6.68811689, 1.8339914
0.023001754561756987, 0.6567104840278626, 6.68811689, 1.8339914
0.023001754561756987, 0.657102279663086, 6.68811689, 1.8339914
0.023005156233654022, 0.6575194454193116, 6.69097473, 1.83520219
0.023094016541570016, 0.6579098677635193, 6.69941699, 1.84848029
0.023162099496178607, 0.6583145308494569, 6.69705979, 1.85363627
0.023206822895705827, 0.6587245011329651, 6.69705979, 1.85363627
0.023206822895705827, 0.65911705493927, 6.69705979, 1.85363627
0.023206822895705827, 0.6595299720764161, 6.69705979, 1.85363627
0.023206822895705827, 0.6599432253837586, 6.69705979, 1.85363627
0.023220024572777317, 0.6603574943542481, 6.69568912, 1.85657924
0.023438508181978394, 0.6607515501976013, 6.67051791, 1.87370405
0.023574228838295942, 0.6611428594589234, 6.66538546, 1.87724372
0.023628875756571917, 0.6615411281585694, 6.65966979, 1.8800013
0.023646279083512786, 0.6619491457939148, 6.65966979, 1.8800013
0.023646279083512786, 0.6623373365402222, 6.65966979, 1.8800013
0.023646279083512786, 0.6627591443061829, 6.65966979, 1.8800013
0.023646279083512786, 0.6631650519371033, 6.65966979, 1.8800013
0.023685153863980492, 0.6635931968688965, 6.65358472, 1.88315861
0.02394282012756107, 0.6639863085746766, 6.61026523, 1.90061943
0.024157166691067943, 0.6644700145721436, 6.59470271, 1.90579279
0.024178023187599148, 0.6648554301261902, 6.59470271, 1.90579279
0.024178023187599148, 0.66527841091156, 6.59470271, 1.90579279
0.024178023187599148, 0.6656813788414002, 6.59470271, 1.90579279
0.024178023187599148, 0.6660842394828796, 6.59470271, 1.90579279
0.024229868633697454, 0.6665055465698242, 6.58666376, 1.90992917
0.024539414877868312, 0.6668976998329164, 6.53670031, 1.93057047
0.024728815759997712, 0.6673060607910156, 6.52815114, 1.93394214
0.024806742509013855, 0.6677039432525635, 6.5212447, 1.9385999
0.024833808603129785, 0.6681071615219116, 6.5212447, 1.9385999
0.024833808603129785, 0.668529212474823, 6.5212447, 1.9385999
0.024833808603129785, 0.668923532962799, 6.5212447, 1.9385999
0.024833808603129785, 0.6693180394172669, 6.5212447, 1.9385999
0.024876854902410005, 0.6697113585472108, 6.51235047, 1.94128217
0.02519487257665702, 0.6701098704338074, 6.45887298, 1.96382366
0.025465521411789267, 0.6705348825454712, 6.4515389, 1.97161556
0.02549003634611332, 0.6709267210960388, 6.4515389, 1.97161556
0.02549003634611332, 0.6713289594650269, 6.4515389, 1.97161556
0.02549003634611332, 0.6717315125465394, 6.4515389, 1.97161556
0.02549003634611332, 0.6721312332153321, 6.4515389, 1.97161556
0.02553430403035767, 0.6725433564186096, 6.44452555, 1.97491771
0.025859348834568013, 0.6729417896270753, 6.40430204, 1.99968959
0.026061519684505888, 0.6733518743515015, 6.39832389, 2.00404032
0.026135250465499357, 0.6737560224533081, 6.39197634, 2.00797972
0.02615943701377264, 0.674147424697876, 6.39197634, 2.00797972
0.02615943701377264, 0.6745600986480713, 6.39197634, 2.00797972
0.02615943701377264, 0.6749730873107911, 6.39197634, 2.00797972
0.02615943701377264, 0.6753649115562439, 6.39197634, 2.00797972
0.02621491663383532, 0.6757653331756592, 6.38636758, 2.01301404
0.026598252600381744, 0.676169331073761, 6.35045516, 2.04510858
0.026892738895531655, 0.6765729284286499, 6.33883433, 2.05539158
0.02694823090028095, 0.6769897651672363, 6.33883433, 2.05539158
0.02694823090028095, 0.6774055361747742, 6.33883433, 2.05539158
0.02694823090028095, 0.677812044620514, 6.33883433, 2.05539158
0.02694823090028095, 0.6782141256332398, 6.33883433, 2.05539158
0.027015391504735458, 0.6786120867729187, 6.33264235, 2.06159034
0.02744497103416137, 0.6790015292167664, 6.29782337, 2.09850485
0.027715981865538263, 0.6793965649604797, 6.29003731, 2.10481948
0.02783282101686934, 0.6797838544845581, 6.2830483, 2.11228117
0.027872987788090487, 0.6801901626586915, 6.2830483, 2.11228117
0.027872987788090487, 0.6805813217163086, 6.2830483, 2.11228117
0.027872987788090487, 0.6809833598136902, 6.2830483, 2.11228117
0.027872987788090487, 0.6813737392425537, 6.2830483, 2.11228117
0.02794616298864276, 0.6817747259140015, 6.27725964, 2.11926202
0.028484654119789364, 0.6821812415122986, 6.23346383, 2.16548627
0.02881968766368361, 0.6825911474227906, 6.22640183, 2.17327818
0.028997778023599444, 0.6829917192459106, 6.2193059, 2.18185217
0.028997778023599444, 0.6833873414993287, 6.2193059, 2.18185217
0.028997778023599444, 0.6837849807739258, 6.2193059, 2.18185217
0.028997778023599444, 0.6841872620582581, 6.2193059, 2.18185217
0.02941333507162277, 0.6849787569046021, 6.16923554, 2.24244364
0.030058828026722384, 0.6853925180435181, 6.16254293, 2.25163751
0.030204323717929457, 0.685791609287262, 6.15516019, 2.26085455
0.030253215627323776, 0.6861898636817932, 6.15516019, 2.26085455
0.030253215627323776, 0.6865865302085876, 6.15516019, 2.26085455
0.030253215627323776, 0.6869847989082337, 6.15516019, 2.26085455
0.030253215627323776, 0.6873825955390931, 6.15516019, 2.26085455
0.030355244965017486, 0.6877938818931579, 6.14743239, 2.27044816
0.030996740869101397, 0.6881978583335877, 6.10207643, 2.32543757
0.03139119115949009, 0.6886142730712891, 6.09384799, 2.33439392
0.03158397535374532, 0.689011254310608, 6.08579945, 2.34294473
0.03158397535374532, 0.6894187068939209, 6.08579945, 2.34294473
0.03158397535374532, 0.6898231840133667, 6.08579945, 2.34294473
0.03158397535374532, 0.6902225613594055, 6.08579945, 2.34294473
0.03158397535374532, 0.6906106305122376, 6.08579945, 2.34294473
0.03168610513430696, 0.6910137057304382, 6.07802298, 2.3523993
0.03281151094755537, 0.6914053940773011, 6.02024915, 2.42182546
0.0329856103132925, 0.6918217301368713, 6.01297332, 2.43289634
0.03304296519541113, 0.6922403407096863, 6.01297332, 2.43289634
0.03304296519541113, 0.6926453256607056, 6.01297332, 2.43289634
0.03304296519541113, 0.693041913509369, 6.01297332, 2.43289634
0.03304296519541113, 0.6934551668167115, 6.01297332, 2.43289634
0.03317281732798904, 0.6938749933242798, 6.00368536, 2.44498683
0.03404929364333612, 0.6942768526077271, 5.95216175, 2.52287112
0.034605312605044625, 0.6946906137466431, 5.94308761, 2.53742953
0.034836760235470964, 0.6950843405723572, 5.93414471, 2.55277581
0.03491492309138928, 0.6954928088188173, 5.93414471, 2.55277581
0.03491492309138928, 0.6958883023262025, 5.93414471, 2.55277581
0.03491492309138928, 0.6962789249420166, 5.93414471, 2.55277581
0.03491492309138928, 0.6966896462440492, 5.93414471, 2.55277581
0.035066683676473115, 0.6970912551879883, 5.92498799, 2.56745588
0.03670345043528615, 0.6974915981292724, 5.86911939, 2.67738257
0.0369351383376942, 0.6978962898254395, 5.86250935, 2.69327342
0.037011518574487076, 0.6982895088195801, 5.86250935, 2.69327342
0.037011518574487076, 0.6986806249618531, 5.86250935, 2.69327342
0.037011518574487076, 0.6990649247169495, 5.86250935, 2.69327342
0.037011518574487076, 0.6994602465629578, 5.86250935, 2.69327342
0.03716816223651408, 0.6998484230041504, 5.85541343, 2.70942497
0.03816586996179345, 0.7002406191825867, 5.81784352, 2.80624156
0.038774417087702115, 0.700634217262268, 5.81210352, 2.82210924
0.03900020425614338, 0.7010272574424744, 5.80574638, 2.83800009
0.03907588429567008, 0.7014433145523071, 5.80574638, 2.83800009
0.03907588429567008, 0.7018548583984375, 5.80574638, 2.83800009
0.03907588429567008, 0.702248935699463, 5.80574638, 2.83800009
0.03907588429567008, 0.7026442074775696, 5.80574638, 2.83800009
0.039228806620349735, 0.7030577754974365, 5.80037578, 2.85458034
0.04012192201015631, 0.7034650349617004, 5.77082049, 2.9429388
0.04080229994137664, 0.7038675880432129, 5.76136736, 2.97132567
0.04092245831288553, 0.7042577958106995, 5.76136736, 2.97132567
0.04092245831288553, 0.7046546769142151, 5.76136736, 2.97132567
0.04092245831288553, 0.7050454568862915, 5.76136736, 2.97132567
0.04092245831288553, 0.7054473161697388, 5.76136736, 2.97132567
0.04092245831288553, 0.7058392333984376, 5.76136736, 2.97132567
0.04221657250755506, 0.7065495896339418, 5.73202589, 3.07621803
0.04243849837779578, 0.7069660830497743, 5.72945487, 3.08859239
0.042491838866732454, 0.707365689277649, 5.72945487, 3.08859239
0.042491838866732454, 0.7077691078186035, 5.72945487, 3.08859239
0.042491838866732454, 0.7081594014167786, 5.72945487, 3.08859239
0.042491838866732454, 0.708551025390625, 5.72945487, 3.08859239
0.04260314651898699, 0.7089557957649231, 5.72575134, 3.10096675
0.043314258333458956, 0.709364550113678, 5.70812802, 3.17640629
0.043756110675623065, 0.7097590851783753, 5.70563958, 3.18992191
0.043914827972120984, 0.7101412677764893, 5.70310248, 3.20179805
0.043965655783372005, 0.7105417895317079, 5.70310248, 3.20179805
0.043965655783372005, 0.7109330773353577, 5.70310248, 3.20179805
0.043965655783372005, 0.7113372254371644, 5.70310248, 3.20179805
0.043965655783372005, 0.7117291140556337, 5.70310248, 3.20179805
0.04407671162317783, 0.7121268033981323, 5.70007949, 3.21464745
0.0448004717082444, 0.7125227189064026, 5.68587289, 3.2946231
0.045251325265665436, 0.7129193282127381, 5.68325321, 3.3085906
0.04546636702134839, 0.7133299708366394, 5.68147923, 3.32144
0.04546636702134839, 0.7137240052223206, 5.68147923, 3.32144
0.04546636702134839, 0.7141368222236634, 5.68147923, 3.32144
0.04546636702134839, 0.7145486164093018, 5.68147923, 3.32144
0.04546636702134839, 0.7149566411972046, 5.68147923, 3.32144
0.045944662213415324, 0.7153468418121338, 5.66896404, 3.4131991
0.04666880013773954, 0.7157501244544984, 5.66814267, 3.42505206
0.046814333656784765, 0.7161558961868286, 5.66740388, 3.43809264
0.04686422105532424, 0.7165529632568359, 5.66740388, 3.43809264
0.04686422105532424, 0.7169536924362183, 5.66740388, 3.43809264
0.04686422105532424, 0.7173481273651123, 5.66740388, 3.43809264
0.04686422105532424, 0.7177573609352113, 5.66740388, 3.43809264
0.04696655290121657, 0.7181634259223938, 5.66570289, 3.45091887
0.04756285310018889, 0.7185779452323914, 5.65991423, 3.5216543
0.047920655616538625, 0.7189688611030579, 5.65941359, 3.53303222
0.04805132892722113, 0.719367516040802, 5.65816458, 3.54395827
0.048091095887346, 0.7197600769996644, 5.65816458, 3.54395827
0.048091095887346, 0.720158932209015, 5.65816458, 3.54395827
0.048091095887346, 0.7205659627914429, 5.65816458, 3.54395827
0.048091095887346, 0.7209637379646302, 5.65816458, 3.54395827
0.048167304742593356, 0.7213697671890259, 5.65803334, 3.55436293
0.04893912403971362, 0.7217674064636231, 5.65424722, 3.62269996
0.04903147027430048, 0.7221735715866089, 5.65424722, 3.63101326
0.0490613122465538, 0.722577612400055, 5.65424722, 3.63101326
0.0490613122465538, 0.7229639434814453, 5.65424722, 3.63101326
0.0490613122465538, 0.7233684206008911, 5.65424722, 3.63101326
0.0490613122465538, 0.7237817311286927, 5.65424722, 3.63101326
0.04912865070618143, 0.7241747641563416, 5.65390216, 3.64018395
0.04952564386602503, 0.7245805287361146, 5.65379525, 3.691037
0.049764257605459744, 0.7249686408042908, 5.65474786, 3.69968051
0.04984685488461467, 0.725377745628357, 5.65528241, 3.70766359
0.04987391558058718, 0.7257763290405274, 5.65528241, 3.70766359
0.04987391558058718, 0.7261683893203735, 5.65528241, 3.70766359
0.04987391558058718, 0.7265644550323487, 5.65528241, 3.70766359
0.04987391558058718, 0.7269784092903138, 5.65528241, 3.70766359
0.04993614834393398, 0.7273972058296204, 5.6551755, 3.71638241
0.05025931445357552, 0.7278054451942444, 5.66417665, 3.76312805
0.05051083011727561, 0.7282111740112305, 5.66504668, 3.77652201
0.050533255096396, 0.7286064457893372, 5.66504668, 3.77652201
0.050533255096396, 0.7290182971954347, 5.66504668, 3.77652201
0.050533255096396, 0.7294292902946473, 5.66504668, 3.77652201
0.050533255096396, 0.7298400545120239, 5.66504668, 3.77652201
0.050566332580961396, 0.7302461981773376, 5.66668942, 3.78234422
0.05074586065096057, 0.7306639647483826, 5.67401391, 3.81060943
0.05084584005145207, 0.7310604667663575, 5.67412082, 3.81333804
0.050874077272986776, 0.7314478135108948, 5.67578789, 3.81719054
0.05088357469959581, 0.7318526554107667, 5.67578789, 3.81719054
0.05088357469959581, 0.7322571110725403, 5.67578789, 3.81719054
0.05088357469959581, 0.7326639056205749, 5.67578789, 3.81719054
0.05088357469959581, 0.7330634546279907, 5.67578789, 3.81719054
0.050900929698866657, 0.7334619092941285, 5.67634678, 3.82006399
0.05095418037028239, 0.7338710856437684, 5.67385834, 3.82203369
0.05094597395706253, 0.7342739319801331, 5.67219127, 3.82067807
0.05094516569849429, 0.7346760487556458, 5.67219127, 3.82067807
0.05094516569849429, 0.7350649690628053, 5.67219127, 3.82067807
0.05094516569849429, 0.7354617500305176, 5.67219127, 3.82067807
0.05094516569849429, 0.735871183872223, 5.67219127, 3.82067807
0.050935338072866515, 0.7362776494026184, 5.67126299, 3.81863885
0.05082232713663576, 0.7366690874099732, 5.66197502, 3.79687945
0.050744253465556596, 0.737072856426239, 5.65970041, 3.79191465
0.050696187129580066, 0.737488420009613, 5.6588547, 3.78619093
0.050678160238934476, 0.7378847861289979, 5.6588547, 3.78619093
0.050678160238934476, 0.7382910013198852, 5.6588547, 3.78619093
0.050678160238934476, 0.7386959934234619, 5.6588547, 3.78619093
0.050678160238934476, 0.7391161990165711, 5.6588547, 3.78619093
0.05064762266407053, 0.7395022296905518, 5.65692515, 3.78053673
0.050379771682879104, 0.739890992641449, 5.64972232, 3.73979868
0.050201485065524985, 0.7402929449081421, 5.64959107, 3.73234278
0.050099405160600144, 0.7407000255584717, 5.64816216, 3.72422066
0.050099405160600144, 0.7411056113243103, 5.64816216, 3.72422066
0.050099405160600144, 0.7414990162849426, 5.64816216, 3.72422066
0.050099405160600144, 0.7418887805938721, 5.64816216, 3.72422066
0.050099405160600144, 0.742287585735321, 5.64816216, 3.72422066
0.0498024597462717, 0.7426841306686403, 5.6511269, 3.66020538
0.04931912821943513, 0.743096489906311, 5.65285222, 3.6505133
0.04920610608754988, 0.7434904170036316, 5.65416464, 3.64096604
0.04916890776105633, 0.7438923120498657, 5.65416464, 3.64096604
0.04916890776105633, 0.7442869400978089, 5.65416464, 3.64096604
0.04916890776105633, 0.7446984481811524, 5.65416464, 3.64096604
0.04916890776105633, 0.7450955653190613, 5.65416464, 3.64096604
0.04908424227206694, 0.7454895639419556, 5.65742579, 3.63125078
0.048543954831990824, 0.7458784127235413, 5.67472837, 3.57310405
0.04820162089860017, 0.7462735629081727, 5.67870398, 3.5626994
0.048056603195271386, 0.7466899204254152, 5.68301506, 3.55317531
0.04802211175307425, 0.747081573009491, 5.68301506, 3.55317531
0.04802211175307425, 0.747474970817566, 5.68301506, 3.55317531
0.04802211175307425, 0.7478651070594788, 5.68301506, 3.55317531
0.04802211175307425, 0.7482633829116822, 5.68301506, 3.55317531
0.047935616755654636, 0.7486570453643799, 5.68682551, 3.54362806
0.04735020460560484, 0.7490498208999634, 5.71966627, 3.47585876
0.04684331631535033, 0.7494601058959962, 5.72479873, 3.46702407
0.04679959053521066, 0.7498462080955506, 5.72479873, 3.46702407
0.04679959053521066, 0.7502591466903688, 5.72479873, 3.46702407
0.04679959053521066, 0.7506558203697205, 5.72479873, 3.46702407
0.04679959053521066, 0.7510630798339843, 5.72479873, 3.46702407
0.04670649248065773, 0.7514805316925048, 5.72943054, 3.45711763
0.04614251306596318, 0.7518867540359497, 5.76296144, 3.40673964
0.04580902037185699, 0.7522793436050416, 5.76811822, 3.39963713
0.04569187676304949, 0.7526747798919678, 5.77402338, 3.39229709
0.04565199933374503, 0.7530769824981689, 5.77402338, 3.39229709
0.04565199933374503, 0.7534729051589967, 5.77402338, 3.39229709
0.04565199933374503, 0.75386723279953, 5.77402338, 3.39229709
0.04565199933374503, 0.7542605876922608, 5.77402338, 3.39229709
0.04558116862316836, 0.7546812725067139, 5.77933574, 3.38581446
0.045126696947896776, 0.7550757575035096, 5.81323603, 3.34880726
0.044808145222601285, 0.7554678249359131, 5.82401116, 3.34008843
0.04475160674772233, 0.7558706212043763, 5.82401116, 3.34008843
0.04475160674772233, 0.756261694431305, 5.82401116, 3.34008843
0.04475160674772233, 0.7566524171829224, 5.82401116, 3.34008843
0.04475160674772233, 0.7570537543296815, 5.82401116, 3.34008843
0.04475160674772233, 0.7574623942375183, 5.82401116, 3.34008843
0.04445490670804667, 0.7578742957115174, 5.8610561, 3.3144128
0.044193988671239345, 0.7582684373855592, 5.86515337, 3.3115857
0.0441255587219577, 0.7586811256408692, 5.8718799, 3.30871226
0.04410086625904187, 0.759086925983429, 5.8718799, 3.30871226
0.04410086625904187, 0.7594969964027405, 5.8718799, 3.30871226
0.04410086625904187, 0.7598851871490478, 5.8718799, 3.30871226
0.04410086625904187, 0.7602745151519776, 5.8718799, 3.30871226
0.04405924728519141, 0.7606671333312989, 5.87688111, 3.30590833
0.04378594657174799, 0.7610739135742188, 5.90810347, 3.28928174
0.04361665588906646, 0.7614854574203491, 5.91390172, 3.28669216
0.04354125753475456, 0.7618866658210754, 5.91823713, 3.28424741
0.04354125753475456, 0.7622706937789918, 5.91823713, 3.28424741
0.04354125753475456, 0.7626678538322449, 5.91823713, 3.28424741
0.04354125753475456, 0.7630738544464112, 5.91823713, 3.28424741
0.04354125753475456, 0.7634673595428467, 5.91823713, 3.28424741
0.043492838509835915, 0.7638678455352783, 5.92467685, 3.28127548
0.043105563779346774, 0.7642633533477784, 5.95668666, 3.26464889
0.04305279337907751, 0.7646613073348999, 5.96053102, 3.26194345
0.04303500041121716, 0.7650562286376953, 5.96053102, 3.26194345
0.04303500041121716, 0.7654542255401612, 5.96053102, 3.26194345
0.04303500041121716, 0.7658497190475464, 5.96053102, 3.26194345
0.04303500041121716, 0.7662421798706055, 5.96053102, 3.26194345
0.04300891959078578, 0.766655411720276, 5.96441446, 3.26054148
0.04282090136659359, 0.7670688509941102, 5.98534759, 3.24828299
0.04270306323170682, 0.7674674201011659, 5.98945443, 3.24640598
0.042655395621383665, 0.767860689163208, 5.99190896, 3.24334136
0.042639149123196704, 0.7682668185234071, 5.99190896, 3.24334136
0.042639149123196704, 0.7686762094497681, 5.99190896, 3.24334136
0.042639149123196704, 0.7690830039978028, 5.99190896, 3.24334136
0.042639149123196704, 0.7694775533676148, 5.99190896, 3.24334136
0.04260983006630295, 0.7699007201194764, 5.9952431, 3.24118048
0.04242852369830727, 0.7702964925765992, 6.01834393, 3.2284006
0.0422845922218552, 0.7706921792030335, 6.02072546, 3.22550398
0.04226916445532763, 0.771091456413269, 6.02072546, 3.22550398
0.04226916445532763, 0.7714988660812379, 6.02072546, 3.22550398
0.04226916445532763, 0.7718940091133117, 6.02072546, 3.22550398
0.04226916445532763, 0.7722886657714845, 6.02072546, 3.22550398
0.042251885906473066, 0.7726924991607667, 6.02533294, 3.22329676
0.042063538728002905, 0.7730906534194947, 6.04560027, 3.21329763
0.0419702918981624, 0.7734918045997621, 6.04989661, 3.21336715
0.04193782766181294, 0.7739008951187134, 6.05295868, 3.21170449
0.041925683491003216, 0.7743105792999267, 6.05295868, 3.21170449
0.041925683491003216, 0.7747081398963929, 6.05295868, 3.21170449
0.041925683491003216, 0.7751022171974182, 6.05295868, 3.21170449
0.041925683491003216, 0.7755008006095887, 6.05295868, 3.21170449
0.041903997026573755, 0.7759134960174561, 6.05544712, 3.21008818
0.04179558336645435, 0.776307945251465, 6.06973629, 3.20443398
0.041706854587753195, 0.7767827534675599, 6.07216649, 3.20151418
0.04170026550900399, 0.7771731328964233, 6.07216649, 3.20151418
0.04170026550900399, 0.777589225769043, 6.07216649, 3.20151418
0.04170026550900399, 0.7779874515533447, 6.07216649, 3.20151418
0.04170026550900399, 0.7783943104743958, 6.07216649, 3.20151418
0.04168010981889591, 0.7788026857376099, 6.07320168, 3.19933013
0.041488882805995816, 0.7792220187187195, 6.08746652, 3.18229801
0.04136696147055459, 0.7796372961997986, 6.08971681, 3.17923339
0.041318195987756164, 0.7800219321250916, 6.09228783, 3.17609925
0.0413016499342365, 0.7804240202903748, 6.09228783, 3.17609925
0.0413016499342365, 0.7808153939247131, 6.09228783, 3.17609925
0.0413016499342365, 0.7812054800987245, 6.09228783, 3.17609925
0.0413016499342365, 0.7815961956977844, 6.09228783, 3.17609925
0.04126103406703009, 0.7820064234733582, 6.0948006, 3.17191653
0.041025182770342325, 0.7824153995513916, 6.11186503, 3.1516344
0.04083405203412484, 0.7828090906143188, 6.116735, 3.14524446
0.04081855610910058, 0.7832147979736328, 6.116735, 3.14524446
0.04081855610910058, 0.7836164999008179, 6.116735, 3.14524446
0.04081855610910058, 0.7840164065361023, 6.116735, 3.14524446
0.04081855610910058, 0.7844200825691223, 6.116735, 3.14524446
0.04077346270942759, 0.7851443004608154, 6.13113108, 3.11987587
0.04041721209396228, 0.7855498504638672, 6.13272516, 3.11566998
0.04037404817618764, 0.7859608578681947, 6.13361952, 3.11281971
0.04036177723877617, 0.786374683380127, 6.13361952, 3.11281971
0.04036177723877617, 0.786769289970398, 6.13361952, 3.11281971
0.04036177723877617, 0.787172429561615, 6.13361952, 3.11281971
0.04036177723877617, 0.7875722932815552, 6.13361952, 3.11281971
0.04033018301172176, 0.7879641318321229, 6.13446522, 3.10899617
0.04011442899188766, 0.7883571147918701, 6.14121608, 3.08552777
0.03997203160898326, 0.788758180141449, 6.14219302, 3.08032544
0.03991249464246316, 0.7891451263427735, 6.14396701, 3.0760732
0.03989333089164085, 0.7895427656173706, 6.14396701, 3.0760732
0.03989333089164085, 0.7899528932571411, 6.14396701, 3.0760732
0.03989333089164085, 0.7903470063209534, 6.14396701, 3.0760732
0.03989333089164085, 0.790742506980896, 6.14396701, 3.0760732
0.039854283280326044, 0.7911389946937561, 6.14513344, 3.07142123
0.0392836775890747, 0.7919030523300171, 6.15727924, 3.0228681
0.03922255345525848, 0.7923110556602478, 6.15727924, 3.0228681
0.03922255345525848, 0.7927177500724792, 6.15727924, 3.0228681
0.03922255345525848, 0.7931155037879944, 6.15727924, 3.0228681
0.03922255345525848, 0.7935144305229187, 6.15727924, 3.0228681
0.03916615165596107, 0.793927984237671, 6.16035089, 3.0161016
0.03878042118244848, 0.794342725276947, 6.17143717, 2.97505651
0.03854610109431157, 0.7947453570365905, 6.17325981, 2.96800035
0.038456414655201235, 0.795145435333252, 6.17453316, 2.96068349
0.03842651843301686, 0.7955390548706055, 6.17453316, 2.96068349
0.03842651843301686, 0.7959386968612672, 6.17453316, 2.96068349
0.03842651843301686, 0.7963505053520203, 6.17453316, 2.96068349
0.03842651843301686, 0.7967438244819641, 6.17453316, 2.96068349
0.03836914001403431, 0.7971485376358032, 6.17583083, 2.95370264
0.037953609839419644, 0.7975319862365723, 6.18371421, 2.90633712
0.03770389805683513, 0.797923424243927, 6.18447733, 2.89928096
0.037575063095465835, 0.7983310413360596, 6.18575067, 2.89104298
0.037575063095465835, 0.7987362551689149, 6.18575067, 2.89104298
0.037575063095465835, 0.7991388940811157, 6.18575067, 2.89104298
0.037575063095465835, 0.7995298743247986, 6.18575067, 2.89104298
0.03728035987592141, 0.8003419184684754, 6.19509689, 2.8339622
0.036809422556202134, 0.8007449579238891, 6.19553927, 2.82588643
0.03671330015670922, 0.8011544919013976, 6.19670571, 2.81800183
0.0366810738415312, 0.8015549206733704, 6.19670571, 2.81800183
0.0366810738415312, 0.8019556283950806, 6.19670571, 2.81800183
0.0366810738415312, 0.8023546123504639, 6.19670571, 2.81800183
0.0366810738415312, 0.8027567648887635, 6.19670571, 2.81800183
0.03661142629008894, 0.8031650471687317, 6.19856227, 2.80975805
0.03625759956392211, 0.8035555768013001, 6.2063874, 2.77175441
0.03605824377927884, 0.8039460635185242, 6.20617358, 2.76648257
0.03599113113846016, 0.8043460845947266, 6.20835087, 2.76132659
0.03596753839540593, 0.8047316861152648, 6.20835087, 2.76132659
0.03596753839540593, 0.8051328945159912, 6.20835087, 2.76132659
0.03596753839540593, 0.8055304908752442, 6.20835087, 2.76132659
0.03596753839540593, 0.8059483575820924, 6.20835087, 2.76132659
0.03592251730802688, 0.8063466978073119, 6.20872026, 2.75564921
0.03552027633387107, 0.8067560315132141, 6.2120544, 2.72298694
0.03547530033218775, 0.8071527481079102, 6.21332775, 2.7197601
0.03546065822097587, 0.8075499153137207, 6.21332775, 2.7197601
0.03546065822097587, 0.8079536485671998, 6.21332775, 2.7197601
0.03546065822097587, 0.8083501648902892, 6.21332775, 2.7197601
0.03546065822097587, 0.8087419319152833, 6.21332775, 2.7197601
0.03542888536448515, 0.8091467666625978, 6.21374581, 2.71583808
0.035268853840166425, 0.809544026851654, 6.21391096, 2.69731131
0.03517981193161427, 0.8099413299560547, 6.21451851, 2.69538795
0.03515405384570414, 0.8103416728973389, 6.21417345, 2.69301272
0.035145417142877944, 0.8107328748703002, 6.21417345, 2.69301272
0.035145417142877944, 0.8111310648918153, 6.21417345, 2.69301272
0.035145417142877944, 0.8115201282501221, 6.21417345, 2.69301272
0.035145417142877944, 0.8119285678863525, 6.21417345, 2.69301272
0.03512891921427929, 0.8123369145393372, 6.21409087, 2.69085185
0.035073541262678934, 0.8127366065979004, 6.21554412, 2.685412
0.03504530595123135, 0.8131292247772217, 6.21599609, 2.68567269
0.035050738964429555, 0.813518295288086, 6.21599609, 2.68567269
0.035050738964429555, 0.8139185810089111, 6.21599609, 2.68567269
0.035050738964429555, 0.8143130660057067, 6.21599609, 2.68567269
0.035050738964429555, 0.814711685180664, 6.21599609, 2.68567269
0.035050738964429555, 0.8151133298873902, 6.21599609, 2.68567269
0.03508216541626469, 0.8155261325836183, 6.22041409, 2.69141958
0.03510403813021791, 0.815926661491394, 6.22168743, 2.69308224
0.0351157457051699, 0.8163132071495056, 6.22261571, 2.69443786
0.03511944376586786, 0.8167263960838318, 6.22261571, 2.69443786
0.03511944376586786, 0.817135293483734, 6.22261571, 2.69443786
0.03511944376586786, 0.8175264811515808, 6.22261571, 2.69443786
0.03511944376586786, 0.817935049533844, 6.22261571, 2.69443786
0.03513119172376344, 0.8183335041999816, 6.22300944, 2.69612369
0.0352204118687688, 0.8187264227867127, 6.22448702, 2.70752478
0.03527333364976832, 0.8191300559043885, 6.22491466, 2.70916427
0.03529984489768893, 0.8195510697364806, 6.22401071, 2.71146998
0.03531028834715655, 0.8199582648277282, 6.22401071, 2.71146998
0.03531028834715655, 0.8203518414497376, 6.22401071, 2.71146998
0.03531028834715655, 0.820743157863617, 6.22401071, 2.71146998
0.03531028834715655, 0.821144015789032, 6.22401071, 2.71146998
0.035316142860686586, 0.8215410184860229, 6.22406896, 2.71225207
0.035382106823854995, 0.8219386434555054, 6.2212937, 2.71648113
0.035391643900577995, 0.822345244884491, 6.21909208, 2.71674183
0.03539637134480171, 0.8227561092376708, 6.21909208, 2.71674183
0.03539637134480171, 0.8231475901603698, 6.21909208, 2.71674183
0.03539637134480171, 0.8235485696792603, 6.21909208, 2.71674183
0.03539637134480171, 0.8239459443092347, 6.21909208, 2.71674183
0.035396322761608374, 0.8243501782417297, 6.21861577, 2.71652748
0.03536302268347588, 0.8247495055198669, 6.21203007, 2.70935545
0.035333252514552056, 0.8251594543457031, 6.21210307, 2.70769279
0.035312067907771805, 0.8255590963363648, 6.2115781, 2.70557826
0.03530475867329566, 0.8259447836875916, 6.2115781, 2.70557826
0.03530475867329566, 0.8263372945785523, 6.2115781, 2.70557826
0.03530475867329566, 0.8267303633689881, 6.2115781, 2.70557826
0.03530475867329566, 0.8271401119232177, 6.2115781, 2.70557826
0.035296066555616686, 0.8275337529182434, 6.21038733, 2.70393877
0.035146044727617544, 0.8279275298118591, 6.20614924, 2.68334381
0.03499198947951792, 0.8283375000953674, 6.206018, 2.67500734
0.03497655769120607, 0.828734667301178, 6.206018, 2.67500734
0.03497655769120607, 0.8291326785087586, 6.206018, 2.67500734
0.03497655769120607, 0.829544723033905, 6.206018, 2.67500734
0.03497655769120607, 0.8299404668807984, 6.206018, 2.67500734
0.034806254582063066, 0.8306735754013062, 6.2022658, 2.63885754
0.03452891358954191, 0.8310917496681214, 6.20086122, 2.63272829
0.03446359924678372, 0.8314928793907166, 6.20017109, 2.62685974
0.03444176505204337, 0.8318958044052124, 6.20017109, 2.62685974
0.03444176505204337, 0.8322910332679749, 6.20017109, 2.62685974
0.03444176505204337, 0.8326809906959534, 6.20017109, 2.62685974
0.03444176505204337, 0.8330719494819642, 6.20017109, 2.62685974
0.03439756410193544, 0.8334887146949768, 6.19884908, 2.62066097
0.03405187496707106, 0.833889615535736, 6.19093179, 2.57619787
0.033829308149350826, 0.8342857813835144, 6.18945421, 2.56788458
0.0337303210024268, 0.8346770405769348, 6.18884666, 2.5589514
0.033696020550918554, 0.8350943565368653, 6.18884666, 2.5589514
0.033696020550918554, 0.8355099558830261, 6.18884666, 2.5589514
0.033696020550918554, 0.8359000992774963, 6.18884666, 2.5589514
0.033696020550918554, 0.8362929749488831, 6.18884666, 2.5589514
0.03363175947670093, 0.8366846060752868, 6.18781147, 2.55040059
0.03288570702103346, 0.837093152999878, 6.17897548, 2.4803082
0.03271892774903953, 0.8375044035911561, 6.17765348, 2.46880862
0.03267509305653034, 0.8379074501991273, 6.17765348, 2.46880862
0.03267509305653034, 0.83830322265625, 6.17765348, 2.46880862
0.03267509305653034, 0.8386939811706544, 6.17765348, 2.46880862
0.03267509305653034, 0.8390831089019775, 6.17765348, 2.46880862
0.03253112194488546, 0.8397862839698792, 6.16963886, 2.37650496
0.031487215903135767, 0.8401813697814943, 6.16836551, 2.36213773
0.03131643577777678, 0.8405939006805421, 6.16762672, 2.34771836
0.03125912745568918, 0.8409975981712341, 6.16762672, 2.34771836
0.03125912745568918, 0.8413933634757995, 6.16762672, 2.34771836
0.03125912745568918, 0.8417874622344972, 6.16762672, 2.34771836
0.03125912745568918, 0.842194814682007, 6.16762672, 2.34771836
0.031138142956223257, 0.8425879406929017, 6.1661978, 2.33227938
0.030346636465325157, 0.8429786562919617, 6.15992325, 2.24049712
0.0298465372759353, 0.8433780407905578, 6.15974335, 2.2240617
0.029644216967053702, 0.8437811589241028, 6.15875682, 2.20731345
0.02957670482981472, 0.8441918659210206, 6.15875682, 2.20731345
0.02957670482981472, 0.8445802783966064, 6.15875682, 2.20731345
0.02957670482981472, 0.844983983039856, 6.15875682, 2.20731345
0.02957670482981472, 0.8454185938835144, 6.15875682, 2.20731345
0.029443467920663453, 0.8458223772048952, 6.15754172, 2.1907332
0.02784013911724982, 0.8465281057357789, 6.16172156, 2.05847937
0.02770980596836517, 0.8469129920005798, 6.16172156, 2.05847937
0.02770980596836517, 0.8473089218139649, 6.16172156, 2.05847937
0.02770980596836517, 0.8477032995223999, 6.16172156, 2.05847937
0.02770980596836517, 0.848094244003296, 6.16172156, 2.05847937
0.02770980596836517, 0.8484876561164857, 6.16172156, 2.05847937
0.027579389870094506, 0.8488915967941285, 6.16873491, 1.94553441
0.02613199614302566, 0.8492781853675841, 6.17016382, 1.93121352
0.025925449017830046, 0.8496652960777282, 6.1718309, 1.91470279
0.02585338639455561, 0.8500698304176331, 6.1718309, 1.91470279
0.02585338639455561, 0.8504869675636291, 6.1718309, 1.91470279
0.02585338639455561, 0.850890007019043, 6.1718309, 1.91470279
0.02585338639455561, 0.8513013362884522, 6.1718309, 1.91470279
0.02572042029750512, 0.8517150759696961, 6.17249669, 1.89921747
0.024819389696340025, 0.8521265411376954, 6.17527195, 1.8020417
0.024259991380222293, 0.8525310611724853, 6.17529628, 1.78543828
0.024053041379135092, 0.8529368901252747, 6.17577258, 1.76971543
0.023985097513540946, 0.8533305025100708, 6.17577258, 1.76971543
0.023985097513540946, 0.8537258887290955, 6.17577258, 1.76971543
0.023985097513540946, 0.8541385412216187, 6.17577258, 1.76971543
0.023985097513540946, 0.8545340633392333, 6.17577258, 1.76971543
0.023844583873317813, 0.8549392127990723, 6.17540319, 1.75356388
0.022448118469197798, 0.855334405899048, 6.17511637, 1.64515502
0.02225777200345946, 0.855722918510437, 6.17408118, 1.631118
0.022198118328673844, 0.856121072769165, 6.17408118, 1.631118
0.022198118328673844, 0.8565174102783203, 6.17408118, 1.631118
0.022198118328673844, 0.8569082188606263, 6.17408118, 1.631118
0.022198118328673844, 0.8573021960258485, 6.17408118, 1.631118
0.02206542623336267, 0.8577172517776489, 6.17259402, 1.6154415
0.021187338707509544, 0.8581242036819459, 6.1661978, 1.52076261
0.02064906914284062, 0.8585188817977907, 6.16367545, 1.50503977
0.02044912101194555, 0.8589191818237305, 6.16439949, 1.48997735
0.02038224665289055, 0.859316062927246, 6.16439949, 1.48997735
0.02038224665289055, 0.8597046542167665, 6.16439949, 1.48997735
0.02038224665289055, 0.8601212549209596, 6.16439949, 1.48997735
0.02038224665289055, 0.8605098533630372, 6.16439949, 1.48997735
0.020254287171116575, 0.8609095096588135, 6.16243602, 1.4749439
0.01940711198140037, 0.8613114404678346, 6.15793545, 1.3851545
0.0187654375874116, 0.8617043161392213, 6.15539834, 1.35606086
0.018636073334128082, 0.8620957684516908, 6.15539834, 1.35606086
0.018636073334128082, 0.8624871134757995, 6.15539834, 1.35606086
0.018636073334128082, 0.8628786230087281, 6.15539834, 1.35606086
0.018636073334128082, 0.8632755684852601, 6.15539834, 1.35606086
0.018636073334128082, 0.863669753074646, 6.15539834, 1.35606086
0.018509342520614955, 0.8640719842910768, 6.15460131, 1.34161832
0.01717138413538946, 0.8644615054130554, 6.14505086, 1.23484894
0.016912654762608892, 0.8648537731170653, 6.14444331, 1.2201457
0.01684728033334509, 0.8652501392364502, 6.14444331, 1.2201457
0.01684728033334509, 0.8656484651565552, 6.14444331, 1.2201457
0.01684728033334509, 0.8660426783561708, 6.14444331, 1.2201457
0.01684728033334509, 0.8664414834976197, 6.14444331, 1.2201457
0.016718156932850288, 0.8668654012680055, 6.1415029, 1.20518177
0.01586859850804981, 0.8672737050056458, 6.13788194, 1.11736787
0.015339286344082988, 0.8676827311515808, 6.13764379, 1.10218959
0.01514123799570007, 0.8680709719657898, 6.13769245, 1.0878687
0.015076417271931184, 0.8684558510780335, 6.13769245, 1.0878687
0.015076417271931184, 0.8688460302352906, 6.13769245, 1.0878687
0.015076417271931184, 0.8692428970336914, 6.13769245, 1.0878687
0.015076417271931184, 0.8696377682685853, 6.13769245, 1.0878687
0.01495087439521876, 0.870030472278595, 6.13697799, 1.07387803
0.014069637562545471, 0.8704241919517518, 6.14000099, 0.98423125
0.013525535764512252, 0.8708328461647034, 6.14256242, 0.955613733
0.013264142891644957, 0.8712361502647401, 6.14256242, 0.955613733
0.013264142891644957, 0.8716431808471681, 6.14256242, 0.955613733
0.013264142891644957, 0.8720491886138916, 6.14256242, 0.955613733
0.013264142891644957, 0.8724527072906495, 6.14256242, 0.955613733
0.013127002234785627, 0.8728615832328798, 6.14446764, 0.94085263
0.01224249862621591, 0.873251268863678, 6.15650653, 0.853156531
0.011690560036049135, 0.8736478137969972, 6.15934003, 0.837780335
0.01146870531819752, 0.8740432357788086, 6.16294624, 0.821857967
0.0113937709467959, 0.8744424986839295, 6.16294624, 0.821857967
0.0113937709467959, 0.8748395442962646, 6.16294624, 0.821857967
0.0113937709467959, 0.8752301168441774, 6.16294624, 0.821857967
0.0113937709467959, 0.8756269478797913, 6.16294624, 0.821857967
0.011253856562322103, 0.8760391855239869, 6.16481755, 0.806790476
0.010349891248215391, 0.8764417386054992, 6.18148825, 0.717619773
0.009797189660588436, 0.8768543267250062, 6.18427309, 0.703103087
0.00954273528346347, 0.8772583746910095, 6.18551252, 0.689643413
0.00954273528346347, 0.8776506066322327, 6.18551252, 0.689643413
0.00954273528346347, 0.8780427813529968, 6.18551252, 0.689643413
0.00954273528346347, 0.8784450340270997, 6.18551252, 0.689643413
0.00954273528346347, 0.8788662123680115, 6.18551252, 0.689643413
0.007917438852854088, 0.8799313282966613, 6.20192074, 0.563249086
0.007783920676083305, 0.880345618724823, 6.20192074, 0.563249086
0.007783920676083305, 0.8807326793670655, 6.20192074, 0.563249086
0.007783920676083305, 0.8811413550376892, 6.20192074, 0.563249086
0.007783920676083305, 0.8815521335601806, 6.20192074, 0.563249086
0.007783405080402211, 0.8819445157051087, 6.20316017, 0.548366934
0.002525942203270325, 0.8823396801948548, 6.21142252, 0.460010565
0.0, 0.882708752155304, 6.21142252, 0.460010565
0.0, 0.8830398511886598, 6.21303135, 0.444615255
0.0, 0.8833669590950013, 6.2144116, 0.428970896
0.0, 0.8837048029899597, 6.2144116, 0.428970896
0.0, 0.8840307879447937, 6.2144116, 0.428970896
0.0, 0.884353289604187, 6.2144116, 0.428970896
0.0, 0.8846854257583618, 6.2144116, 0.428970896
0.0, 0.8850114536285402, 6.2144116, 0.428970896
0.0, 0.8853372311592101, 6.21544679, 0.412611244
0.0, 0.8856577515602112, 6.22012727, 0.321443512
0.0, 0.8859843873977662, 6.22025851, 0.306173885
0.0, 0.8863087487220765, 6.22025851, 0.306173885
0.0, 0.8866328382492066, 6.220521, 0.290315807
0.0, 0.8869640016555786, 6.220521, 0.290315807
0.0, 0.8872920894622803, 6.220521, 0.290315807
0.0, 0.8876314353942872, 6.220521, 0.290315807
0.0, 0.8879655599594116, 6.220521, 0.290315807
0.0, 0.8883051991462707, 6.220521, 0.290315807
0.0, 0.8886355543136597, 6.21922332, 0.275625945
0.0, 0.8889720463752747, 6.21184058, 0.189359853
0.0, 0.8892926669120789, 6.20850644, 0.175681247
0.0, 0.8896212625503541, 6.20610058, 0.161392759
0.0, 0.8899461817741395, 6.20610058, 0.161392759
0.0, 0.8902673387527467, 6.20610058, 0.161392759
0.0, 0.8905956196784974, 6.20610058, 0.161392759
0.0, 0.8909229493141174, 6.20610058, 0.161392759
0.0, 0.8912485551834107, 6.20610058, 0.161392759
0.0, 0.8915828156471253, 6.2019694, 0.14763828
0.0, 0.8919123125076295, 6.17299733, 0.0647468212
0.0, 0.8922388553619385, 6.1667471, 0.0513158211
0.0, 0.892565062046051, 6.16106535, 0.0376402208
0.0, 0.8928907608985901, 6.16106535, 0.0376402208
0.0, 0.8932192277908326, 6.16106535, 0.0376402208
0.0, 0.8935471153259277, 6.16106535, 0.0376402208
0.0, 0.8938743662834169, 6.16106535, 0.0376402208
0.0, 0.8942038559913635, 6.16106535, 0.0376402208
0.0, 0.8945233392715455, 6.15452831, 0.0247701271
0.0, 0.8948525071144104, 6.10517241, -0.0504683796
0.0, 0.8951758027076722, 6.09530123, -0.0627537612
0.0, 0.8955124378204345, 6.08466693, -0.0754557103
0.0, 0.8958346891403199, 6.08466693, -0.0754557103
0.0, 0.8961582636833191, 6.08466693, -0.0754557103
0.0, 0.8964932322502136, 6.08466693, -0.0754557103
0.0, 0.8968221640586853, 6.08466693, -0.0754557103
0.0, 0.897153377532959, 6.08466693, -0.0754557103
0.0, 0.897478768825531, 6.07376056, -0.0876551373
0.0, 0.8978122711181641, 6.07376056, -0.0876551373
0.0, 0.8981408524513246, 6.00130383, -0.161359674
0.0, 0.8984665226936341, 5.98725281, -0.173641865
0.0, 0.8987988305091859, 5.9748202, -0.185724238
0.0, 0.8991254234313966, 5.9748202, -0.185724238
0.0, 0.8994630956649781, 5.9748202, -0.185724238
0.0, 0.8997880506515503, 5.9748202, -0.185724238
0.0, 0.900120930671692, 5.9748202, -0.185724238
0.0, 0.9004447412490846, 5.9748202, -0.185724238
0.0, 0.9007680225372315, 5.96007905, -0.198604727
0.0, 0.9010954022407531, 5.87510713, -0.27606084
0.0, 0.9014330458641053, 5.86177056, -0.289541944
0.0, 0.9017665696144105, 5.84663569, -0.302327447
0.0, 0.9020883631706239, 5.84663569, -0.302327447
0.0, 0.9024269437789917, 5.84663569, -0.302327447
0.0, 0.9027568268775941, 5.84663569, -0.302327447
0.0, 0.9030875396728517, 5.84663569, -0.302327447
0.0, 0.903415048122406, 5.84663569, -0.302327447
0.0, 0.9037406182289123, 5.83377543, -0.31669702
0.0, 0.9040744209289551, 5.75681813, -0.396221402
0.0, 0.9044046974182128, 5.7451973, -0.409263484
0.0, 0.9047281503677368, 5.73350347, -0.421704372
0.0, 0.9050516319274904, 5.73350347, -0.421704372
0.0, 0.9053844904899597, 5.73350347, -0.421704372
0.0, 0.9057096099853515, 5.73350347, -0.421704372
0.0, 0.9060513234138489, 5.73350347, -0.421704372
0.0, 0.9063803696632385, 5.73350347, -0.421704372
0.0, 0.906713571548462, 5.72254844, -0.434656101
-0.007816967891659558, 0.9070477032661438, 5.64532865, -0.51884929
-0.008002671975368155, 0.907459876537323, 5.63532623, -0.530421402
-0.008065628910460287, 0.9078526806831361, 5.63532623, -0.530421402
-0.008065628910460287, 0.9082717490196229, 5.63532623, -0.530421402
-0.008065628910460287, 0.9086690592765809, 5.63532623, -0.530421402
-0.008065628910460287, 0.9090781140327454, 5.63532623, -0.530421402
-0.00818234257715521, 0.9094936275482178, 5.62538206, -0.541048283
-0.008969411650691107, 0.9098961019515992, 5.56017682, -0.606239001
-0.009615606599896747, 0.9103762888908387, 5.53902988, -0.62603206
-0.00967247673936769, 0.910771975517273, 5.53902988, -0.62603206
-0.00967247673936769, 0.9111848855018616, 5.53902988, -0.62603206
-0.00967247673936769, 0.9115874528884887, 5.53902988, -0.62603206
-0.00967247673936769, 0.9119944620132447, 5.53902988, -0.62603206
-0.009776845406007761, 0.9123883390426636, 5.52863373, -0.635058654
-0.010450283592656595, 0.9127843689918519, 5.46490608, -0.68785308
-0.010864263875311834, 0.9131783962249755, 5.45371289, -0.696440073
-0.011015491998899991, 0.9135759782791139, 5.44448318, -0.704877637
-0.011065267721696357, 0.9139707922935486, 5.44448318, -0.704877637
-0.011065267721696357, 0.9143684673309327, 5.44448318, -0.704877637
-0.011065267721696357, 0.9147561216354371, 5.44448318, -0.704877637
-0.011065267721696357, 0.915160641670227, 5.44448318, -0.704877637
-0.01116232577936076, 0.9155669569969177, 5.43434951, -0.712927725
-0.011744431934667062, 0.915976927280426, 5.37131199, -0.755603794
-0.01221612231792754, 0.9163800740242005, 5.35061702, -0.768210909
-0.012255546972188043, 0.9167884564399719, 5.35061702, -0.768210909
-0.012255546972188043, 0.9171862030029297, 5.35061702, -0.768210909
-0.012255546972188043, 0.917586932182312, 5.35061702, -0.768210909
-0.012255546972188043, 0.9180020165443421, 5.35061702, -0.768210909
-0.012338250450758776, 0.9184340953826904, 5.34022087, -0.774587153
-0.012830879259082276, 0.9188327217102051, 5.2733729, -0.807348738
-0.013126249393857144, 0.9192303323745727, 5.26217971, -0.812190723
-0.013240602128677531, 0.9196458530426026, 5.25069971, -0.817878317
-0.013280345596023774, 0.9200377202033996, 5.25069971, -0.817878317
-0.013280345596023774, 0.9204283785820009, 5.25069971, -0.817878317
-0.013280345596023774, 0.9208289289474487, 5.25069971, -0.817878317
-0.013280345596023774, 0.921235945224762, 5.25069971, -0.817878317
-0.01336436367638049, 0.9216433548927307, 5.23886506, -0.823905313
-0.013877645677143741, 0.9220419025421143, 5.15625033, -0.861815271
-0.014306936157462976, 0.9224407649040222, 5.14389071, -0.866569219
-0.01434387714575458, 0.9228464722633362, 5.14389071, -0.866569219
-0.01434387714575458, 0.9232484316825866, 5.14389071, -0.866569219
-0.01434387714575458, 0.9236448121070863, 5.14389071, -0.866569219
-0.01434387714575458, 0.9240413069725036, 5.14389071, -0.866569219
-0.01434387714575458, 0.9244454193115235, 5.13343632, -0.87137124
-0.01489110737315921, 0.9248569202423097, 5.07008764, -0.900765445
-0.015184263475772801, 0.9252474284172058, 5.05952634, -0.905536189
-0.015286486069718505, 0.9256475710868836, 5.05023837, -0.909855749
-0.015319358835690175, 0.9260411548614502, 5.05023837, -0.909855749
-0.015319358835690175, 0.9264360260963441, 5.05023837, -0.909855749
-0.015319358835690175, 0.9268328499794007, 5.05023837, -0.909855749
-0.015319358835690175, 0.9272316336631775, 5.05023837, -0.909855749
-0.015393390250389143, 0.9276474761962892, 5.04077051, -0.914876122
-0.015845723188900325, 0.928046510219574, 4.98680712, -0.942470221
-0.016113572006257158, 0.9284376335144044, 4.98080464, -0.946756188
-0.016245790801895678, 0.9288447141647339, 4.97138543, -0.951087911
-0.016245790801895678, 0.9292402291297913, 4.97138543, -0.951087911
-0.016245790801895678, 0.9296399569511413, 4.97138543, -0.951087911
-0.016245790801895678, 0.9300313234329224, 4.97138543, -0.951087911
-0.016245790801895678, 0.9304447913169861, 4.97138543, -0.951087911
-0.016318975763904273, 0.9308339977264405, 4.96355072, -0.956162727
-0.01701709236771499, 0.9312364077568054, 4.9053345, -0.98615523
-0.017119460849505427, 0.9316363215446473, 4.89575013, -0.990351423
-0.017153889984578223, 0.9320252275466918, 4.89575013, -0.990351423
-0.017153889984578223, 0.9324287891387939, 4.89575013, -0.990351423
-0.017153889984578223, 0.9328391456604004, 4.89575013, -0.990351423
-0.017153889984578223, 0.9332374429702759, 4.89575013, -0.990351423
-0.017225687920537254, 0.9336304903030396, 4.88680723, -0.994918295
-0.017690653708103243, 0.9340445590019227, 4.8320564, -1.02151504
-0.0179774933299754, 0.934452269077301, 4.8219714, -1.02574193
-0.018084749135927964, 0.9348463606834413, 4.81311108, -1.03010203
-0.01812030048588452, 0.9352603149414064, 4.81311108, -1.03010203
-0.01812030048588452, 0.9356667232513429, 4.81311108, -1.03010203
-0.01812030048588452, 0.9360595989227296, 4.81311108, -1.03010203
-0.01812030048588452, 0.9364528036117553, 4.81311108, -1.03010203
-0.018194348875868994, 0.9368457436561585, 4.80352671, -1.03454496
-0.01889642665825752, 0.9372471880912782, 4.73679524, -1.06253348
-0.01903784233507847, 0.9376451063156128, 4.72710396, -1.06671519
-0.01907450374831822, 0.9380391192436219, 4.72710396, -1.06671519
-0.01907450374831822, 0.9384293985366823, 4.72710396, -1.06671519
-0.01907450374831822, 0.9388269376754762, 4.72710396, -1.06671519
-0.01907450374831822, 0.939227216243744, 4.72710396, -1.06671519
-0.01907450374831822, 0.9396210718154908, 4.717816, -1.07069535
-0.01966038814409646, 0.9400301909446716, 4.65973102, -1.09869082
-0.01998238210337055, 0.9404619407653809, 4.65073946, -1.10357335
-0.020110733452409296, 0.9408675408363342, 4.64126201, -1.10881439
-0.020154484389646114, 0.9412813735008241, 4.64126201, -1.10881439
-0.020154484389646114, 0.9416753149032593, 4.64126201, -1.10881439
-0.020154484389646114, 0.9420822167396545, 4.64126201, -1.10881439
-0.020154484389646114, 0.9424707221984864, 4.64126201, -1.10881439
-0.020240007982891526, 0.9428563380241395, 4.63165331, -1.11382956
-0.02078153636401712, 0.9432620382308959, 4.58161687, -1.14407632
-0.02117239064887518, 0.9436551070213317, 4.56518432, -1.15473158
-0.02129225659205649, 0.944053761959076, 4.56518432, -1.15473158
-0.02129225659205649, 0.9444557142257691, 4.56518432, -1.15473158
-0.02129225659205649, 0.9448580813407899, 4.56518432, -1.15473158
-0.02129225659205649, 0.9452592611312867, 4.56518432, -1.15473158
-0.02129225659205649, 0.9456504130363464, 4.56518432, -1.15473158
-0.02195445460090852, 0.9460551548004151, 4.51000584, -1.19262011
-0.02230771359762125, 0.9464464354515076, 4.50225371, -1.19809398
-0.02244360621841665, 0.9468537449836731, 4.49476406, -1.20376243
-0.022489189137591462, 0.9472446322441102, 4.49476406, -1.20376243
-0.022489189137591462, 0.9476364207267762, 4.49476406, -1.20376243
-0.022489189137591462, 0.9480470991134643, 4.49476406, -1.20376243
-0.022489189137591462, 0.9484281873703002, 4.49476406, -1.20376243
-0.02257884905834005, 0.948843185901642, 4.4864287, -1.20905745
-0.02317587875683477, 0.9492271852493287, 4.44308488, -1.24342873
-0.02355525250691521, 0.9496342372894289, 4.43670341, -1.25027054
-0.023713783117842276, 0.9500407242774964, 4.42947624, -1.2571587