
-0.0464109162849907, 0.4003183746337891, -2.10664564, 1.26283028
-0.0464109162849907, 0.4008520197868347, -2.10664564, 1.26283028
-0.0464109162849907, 0.40143022537231443, -1.87079169, 1.21468268
-0.042845167676608, 0.40199232339859015, -2.40093922, 1.18909974
-0.048613991931143324, 0.40254440069198616, -2.68895825, 1.70707894
-0.048613991931143324, 0.4031107544898987, -2.68895825, 1.70707894
-0.048613991931143324, 0.4036386060714722, -2.68895825, 1.70707894
-0.048613991931143324, 0.40418543338775637, -2.68895825, 1.70707894
-0.05165901198898158, 0.4047549200057984, -3.97183853, 1.55852873
-0.02839581011889749, 0.4052927136421204, -3.89022508, 1.24028879
-0.02652512753571938, 0.4058404350280762, -3.89022508, 1.24028879
-0.02652512753571938, 0.4063885068893433, -3.89022508, 1.24028879
-0.02652512753571938, 0.4069388246536255, -3.89022508, 1.24028879
-0.025959558870847874, 0.40754593372344977, -3.65965915, 1.1271063
-0.043967081226302905, 0.40806430101394653, -2.16944502, 1.54220918
-0.06456074837563805, 0.4086093473434448, -1.96845871, 1.83822047
-0.06456074837563805, 0.4091557741165161, -1.96845871, 1.83822047
-0.06456074837563805, 0.4097419047355652, -1.96845871, 1.83822047
-0.06456074837563805, 0.41031756401062014, -1.96845871, 1.83822047
-0.07610140884845068, 0.4108840680122376, -3.51194611, 2.31615101
-0.04668985615090783, 0.4114372897148132, -3.88758107, 2.24334739
-0.04498095349703268, 0.41199696302413946, -3.88758107, 2.24334739
-0.04498095349703268, 0.41256828784942623, -3.88758107, 2.24334739
-0.04498095349703268, 0.41315104961395266, -3.88758107, 2.24334739
-0.04641215177646847, 0.41368049621582037, -4.3002123, 2.62676705
-0.03665016733051771, 0.41455592632293703, -5.85917964, 2.66196676
-0.03665016733051771, 0.41511593580245976, -5.85917964, 2.66196676
-0.03665016733051771, 0.4156701588630677, -5.85917964, 2.66196676
-0.03665016733051771, 0.4162764024734497, -5.85917964, 2.66196676
-0.03975562207196602, 0.41684836387634283, -7.09133335, 3.53163026
-0.04148281953686998, 0.4174182510375977, -6.85962532, 3.68514527
-0.04236854071789497, 0.41795704603195194, -6.85962532, 3.68514527
-0.04236854071789497, 0.4184908986091614, -6.85962532, 3.68514527
-0.04236854071789497, 0.4190511012077332, -6.85962532, 3.68514527
-0.036743191696082214, 0.4196374392509461, -6.66093797, 2.77545629
-0.06795206706513583, 0.42018262863159184, -1.70253925, 2.7810178
-0.08778754423877073, 0.4207452774047852, -1.70253925, 2.7810178
-0.08778754423877073, 0.42125820159912114, -1.70253925, 2.7810178
-0.08778754423877073, 0.42182511329650885, -1.70253925, 2.7810178
-0.08778754423877073, 0.4223914313316345, -1.70253925, 2.7810178
-0.12722416207847034, 0.4229966878890991, 0.34868462, 1.66755747
-0.15320794009022554, 0.4235598945617676, 0.364727192, 1.67240062
-0.1534541642923439, 0.4241211414337158, 0.364727192, 1.67240062
-0.1534541642923439, 0.4246759223937988, 0.364727192, 1.67240062
-0.1534541642923439, 0.4252430701255799, 0.364727192, 1.67240062
-0.141472690794261, 0.4258018207550049, 0.00475736582, 0.84834061
0.0, 0.4263668084144593, -2.3986646, 0.176037446
0.0, 0.42672100305557253, -2.95199555, 0.304402738
0.0, 0.42707681417465215, -2.95199555, 0.304402738
0.0, 0.42741935014724736, -2.95199555, 0.304402738
0.0, 0.42777849435806276, -2.95199555, 0.304402738
0.0, 0.4281421589851379, -2.95199555, 0.304402738
0.0, 0.42848179101943973, -2.95199555, 0.304402738
0.0, 0.42882575035095216, -2.95199555, 0.304402738
-0.06206496694028375, 0.4291698884963989, -4.04921389, 3.41087022
-0.05304816157730112, 0.4297485518455505, -3.83169771, 2.71956893
-0.05304816157730112, 0.4303267002105713, -3.83169771, 2.71956893
-0.05304816157730112, 0.4308837699890137, -3.83169771, 2.71956893
-0.05304816157730112, 0.43142054796218876, -3.83169771, 2.71956893
0.0, 0.432007372379303, -3.84847533, 0.229390206
-0.056601240261305225, 0.4327384209632874, -2.76533233, 2.1399265
-0.056601240261305225, 0.4332806348800659, -2.76533233, 2.1399265
-0.056601240261305225, 0.4338511300086975, -2.76533233, 2.1399265
-0.056601240261305225, 0.43443693161010744, -2.76533233, 2.1399265
-0.10820282382843883, 0.43500541687011723, -0.372605211, 3.82015668
-0.11964655196410084, 0.43559510946273805, -0.757446672, 3.3975226
-0.11614794001123983, 0.436179895401001, -0.757446672, 3.3975226
-0.11614794001123983, 0.436741635799408, -0.757446672, 3.3975226
-0.11614794001123983, 0.4373000288009644, -0.757446672, 3.3975226
-0.09759130253354058, 0.4378446173667908, -1.72797294, 2.86170602
-0.04214207447768913, 0.43842698574066163, -3.4841648, 1.97631967
-0.044344753262596286, 0.43896941423416136, -3.4841648, 1.97631967
-0.044344753262596286, 0.43953301429748537, -3.4841648, 1.97631967
-0.044344753262596286, 0.44006248235702516, -3.4841648, 1.97631967
-0.05286768303503418, 0.4406123065948487, -3.15120787, 2.22665128
-0.037474127126313664, 0.4412182641029358, -4.08599635, 1.47520459
-0.02626913941224319, 0.4417577385902405, -4.11502667, 1.2809747
-0.02593641768261577, 0.44227847337722787, -4.11502667, 1.2809747
-0.02593641768261577, 0.4428307437896729, -4.11502667, 1.2809747
-0.02593641768261577, 0.44338237047195433, -4.11502667, 1.2809747
-0.008645472560871923, 0.44392406940460205, -4.14795002, 0.332248782
0.0, 0.44435044050216677, -4.14795002, 0.332248782
0.0, 0.4447174668312073, -3.75190691, 0.295200651
-0.018589941248993016, 0.4450701522827149, -3.56479172, 0.783332915
-0.018589941248993016, 0.4456401753425599, -3.56479172, 0.783332915
-0.018589941248993016, 0.4461747717857361, -3.6703517, 1.01947233
-0.023284648960365657, 0.446731812953949, -3.6703517, 1.01947233
-0.010647605466522648, 0.44728240966796873, -4.76637928, -0.246353296
-0.014412871836899868, 0.44784254789352423, -4.5416846, -0.849837151
-0.015897878812100658, 0.448426468372345, -4.5416846, -0.849837151
-0.015897878812100658, 0.44898671388626105, -4.5416846, -0.849837151
-0.015897878812100658, 0.4495352578163147, -4.5416846, -0.849837151
0.0, 0.45017782211303714, -4.17059888, 0.408878398
-0.037098274140091904, 0.4505128049850464, -2.16539642, 1.04582697
-0.039434991449225375, 0.4510378742218018, -2.24851178, 1.12329003
-0.03981803764905247, 0.4515978765487671, -2.24851178, 1.12329003
-0.03981803764905247, 0.4521526432037354, -2.24851178, 1.12329003
-0.03981803764905247, 0.45270036458969115, -2.69703111, 1.8071745
-0.04103312125311177, 0.4532718968391419, -4.56859588, 2.04562997
-0.035032685188810676, 0.4538209486007691, -4.3600226, 2.10075842
-0.03858874305210186, 0.45436947822570806, -4.3600226, 2.10075842
-0.03858874305210186, 0.45491396665573125, -4.3600226, 2.10075842
-0.03858874305210186, 0.45546000719070434, -4.3600226, 2.10075842
-0.03917887385716931, 0.45601402997970586, -4.11037052, 2.03289643
-0.0600768639463926, 0.4565767002105713, -2.53083946, 2.24843385
-0.06684137117326736, 0.4571106243133546, -2.28709255, 2.37101877
-0.06904829854072815, 0.45765850305557254, -2.28709255, 2.37101877
-0.06904829854072815, 0.458185453414917, -2.28709255, 2.37101877
-0.06904829854072815, 0.45875923156738285, -2.07176841, 1.67451515
-0.05714159543527124, 0.45929251194000253, -1.68840565, 1.30344667
-0.043866718139336194, 0.4598556542396546, -2.16600396, 0.50275324
-0.01960137494973644, 0.4604200267791748, -2.16600396, 0.50275324
-0.01960137494973644, 0.4610037255287171, -2.16600396, 0.50275324
-0.01960137494973644, 0.4615709376335144, -2.16600396, 0.50275324
-0.03388124798520094, 0.4621242952346802, -2.24859436, 1.48874339
-0.05378994339708466, 0.4627161121368409, -2.21099053, 1.66828742
-0.06443472318206137, 0.4632703423500061, -2.15637094, 2.00778854
-0.06443472318206137, 0.4638105034828186, -2.15637094, 2.00778854
-0.06443472318206137, 0.4643782234191895, -2.15637094, 2.00778854
-0.07581600395003177, 0.4649269676208497, -2.13374641, 2.97355606
-0.08523380579613635, 0.4654792451858521, -1.88502262, 2.98776108
-0.08435591603858603, 0.466038031578064, -1.92125578, 2.79336898
-0.08322019891767714, 0.4666301274299622, -1.92125578, 2.79336898
-0.08322019891767714, 0.4672145199775696, -1.92125578, 2.79336898
-0.08322019891767714, 0.4677575492858887, -2.15862122, 1.00753387
-0.02438565396409406, 0.46833370208740244, -2.68395703, 0.564388921
-0.011221532968771129, 0.468889856338501, -2.17240976, 0.146759657
0.0, 0.46941308021545414, -2.17240976, 0.146759657
0.0, 0.46976281881332405, -2.17240976, 0.146759657
0.0, 0.47011576175689707, -2.17240976, 0.146759657
0.0, 0.4704630041122437, -2.17240976, 0.146759657
0.0, 0.4708143734931946, -2.17240976, 0.146759657
0.0, 0.4711563301086426, -2.17240976, 0.146759657
0.0, 0.47149376630783085, -2.24716544, 0.0405130421
0.0, 0.47183563709259035, -2.46863289, 0.149300541
0.0, 0.4721752405166626, -2.75858147, 0.214223095
0.0, 0.4725228261947632, -3.18021386, 0.0034822656
0.0, 0.4728706836700439, -3.18021386, 0.0034822656
0.0, 0.4732166743278504, -3.18021386, 0.0034822656
0.0, 0.47359323501586914, -3.18021386, 0.0034822656
0.0, 0.47396980285644535, -3.18021386, 0.0034822656
-0.0005082012456879283, 0.47433019876480104, -3.79739411, 0.114028574
0.0, 0.47477118253707895, -3.79739411, 0.114028574
0.0, 0.4751102709770203, -3.60612341, 0.335266914
0.0, 0.4754513120651246, -3.37600946, 0.446177895
0.0, 0.47581333875656134, -3.37600946, 0.446177895
0.0, 0.4761535716056824, -3.37600946, 0.446177895
0.0, 0.4764903569221497, -3.37600946, 0.446177895
0.0, 0.4768501448631287, -3.37600946, 0.446177895
-0.025445635378244687, 0.477624044418335, -3.09343404, 0.927385427
-0.023872245348157222, 0.47818423271179206, -3.55796786, 0.988591353
-0.023292152661989744, 0.478735523223877, -3.55796786, 0.988591353
-0.023292152661989744, 0.4793012547492982, -3.55796786, 0.988591353
-0.023292152661989744, 0.4798730659484864, -4.06131103, 0.9153268
-0.021323807960815018, 0.4804405927658081, -4.52750234, 1.21088232
-0.02143982260777551, 0.4809817838668824, -4.82851286, 0.953735436
-0.016759988497086455, 0.4815364360809326, -4.82851286, 0.953735436
-0.016759988497086455, 0.4821041059494019, -4.82851286, 0.953735436
-0.016759988497086455, 0.48264746427536015, -4.82851286, 0.953735436
-0.0055866628323621515, 0.48324842929840095, -5.08617955, 0.710386335
-0.026460330704753645, 0.48368138790130616, -5.23198738, 1.78463302
-0.030468901034885268, 0.4842576265335083, -5.09231328, 1.96002329
-0.03157745427954829, 0.4848388433456421, -5.09231328, 1.96002329
-0.03157745427954829, 0.4853699207305908, -5.09231328, 1.96002329
-0.0339138113631454, 0.4859236860275269, -4.84176684, 2.09401509
-0.032877114606415264, 0.4864966559410096, -3.56304207, 1.4930188
-0.03572145550449119, 0.48705908298492434, -3.2437181, 1.46827008
-0.03929193264886334, 0.4877318382263184, -3.04159928, 1.49629777
-0.03929193264886334, 0.48827294349670414, -3.04159928, 1.49629777
-0.03929193264886334, 0.488823847770691, -3.04159928, 1.49629777
-0.05905333391312373, 0.48937194108963017, -2.61184537, 2.5328239
-0.06741542542303794, 0.48990280389785773, -2.65760464, 2.69078233
-0.06892583197800242, 0.4904659605026246, -2.72796666, 2.82001788
-0.06892583197800242, 0.49100841760635383, -2.72796666, 2.82001788
-0.06892583197800242, 0.4915283584594727, -2.72796666, 2.82001788
-0.09487092574818472, 0.4925778889656067, -1.12459598, 2.14631645
-0.08776364174479408, 0.49316751003265386, -1.59301324, 1.90161587
-0.07506985060938967, 0.49371251344680794, -1.59301324, 1.90161587
-0.07506985060938967, 0.4942667007446289, -1.59301324, 1.90161587
-0.07506985060938967, 0.4948362231254578, -1.59301324, 1.90161587
-0.04495901912566957, 0.49544282436370857, -2.83487298, 1.44335337
-0.04164747379014099, 0.4960335755348206, -2.94673185, 1.65439523
-0.04396699824693369, 0.49661914825439457, -2.94673185, 1.65439523
-0.04396699824693369, 0.4971762323379517, -2.94673185, 1.65439523
-0.04396699824693369, 0.4977351760864258, -2.94673185, 1.65439523
-0.04254407865506384, 0.4982812166213989, -3.5726021, 1.8231117
-0.04064806802350502, 0.4988482570648194, -3.73584375, 1.91422775
-0.031933406938900843, 0.4994022011756897, -3.98774611, 1.43748482
-0.029734487544980422, 0.49996294021606447, -3.98774611, 1.43748482
-0.029734487544980422, 0.5005256533622742, -3.98774611, 1.43748482
-0.009911495848326807, 0.5010934162139893, -3.8880817, 0.207863647
0.0, 0.5015208387374879, -3.8880817, 0.207863647
0.0, 0.5018650412559509, -2.75061552, 0.00127819959
-0.002371074910697985, 0.5022199726104737, -2.80621205, -0.0811372345
-0.002484234733733516, 0.5028067541122436, -2.80621205, -0.0811372345
-0.002484234733733516, 0.5033964323997498, -2.80621205, -0.0811372345
-0.0016561564891556771, 0.5039183759689332, -2.97502338, 0.0138378948
0.0, 0.5044402122497559, -2.97502338, 0.0138378948
0.0, 0.5047802376747133, -3.60035908, 0.194256281
0.0, 0.5051300835609436, -3.90134527, 0.0210573361
-0.001456604863364916, 0.50547425031662, -4.49857893, -0.104861657
-0.0020029800454881294, 0.5060425138473511, -4.49857893, -0.104861657
-0.0020029800454881294, 0.5065888404846192, -4.49857893, -0.104861657
-0.011222851311847108, 0.5071611666679383, -4.74806584, -0.884733611
-0.016238185149059416, 0.5077210760116577, -5.28112946, -1.02277824
-0.01568435321661404, 0.5082717370986939, -5.12007985, -0.886149139
-0.014728649010159332, 0.508831238746643, -5.12007985, -0.886149139
-0.014728649010159332, 0.5093860626220703, -5.12007985, -0.886149139
-0.014881515479262461, 0.5099464511871339, -4.96235479, -0.691023538
-0.004867187587660225, 0.5104823780059815, -3.91288352, -0.0616986152
-0.00045168445485499833, 0.5110259938240052, -3.88829552, 0.275827501
0.0, 0.5114621782302857, -3.88829552, 0.275827501
0.0, 0.5118057155609131, -3.9268033, 0.506498248
0.0, 0.5121520924568177, -4.01243143, 0.487462184
0.0, 0.5125141978263855, -4.01243143, 0.487462184
0.0, 0.5128795576095582, -4.01243143, 0.487462184
0.0, 0.513223774433136, -4.01243143, 0.487462184
-0.00031563240777609283, 0.5135885620117188, -4.49503096, 0.0561310216
0.0, 0.5140848779678345, -4.49503096, 0.0561310216
0.0, 0.5144489431381226, -4.65227013, 0.0859534776
0.0, 0.5148040103912355, -4.72433313, 0.214118263
0.0, 0.5151562237739563, -4.72433313, 0.214118263
0.0, 0.5155129003524781, -4.72433313, 0.214118263
0.0, 0.5158537697792054, -4.72433313, 0.214118263
0.0, 0.516210310459137, -4.72433313, 0.214118263
0.0, 0.516570999622345, -4.79932696, 0.262598342
-0.014131692885068218, 0.5169136142730714, -3.93860403, -0.782392826
-0.020504018352849127, 0.5174580454826355, -3.82224459, -1.09404345
-0.023959115042875283, 0.5180101585388184, -3.82224459, -1.09404345
-0.023959115042875283, 0.5186006736755371, -3.82224459, -1.09404345
0.0, 0.519646921157837, -4.0614666, 0.412929795
-0.016615753962439583, 0.5199894428253173, -3.69429823, 0.772485364
-0.015296756511266905, 0.5205612540245056, -3.6403931, 0.602108907
-0.014087263515191923, 0.5211323714256287, -3.6403931, 0.602108907
-0.014087263515191923, 0.521673948764801, -3.6403931, 0.602108907
-0.004695754505063974, 0.5222036957740783, -3.6139338, 0.350621681
0.0, 0.5226101613044739, -3.6139338, 0.350621681
-0.03614147825157497, 0.5229559874534607, -3.64166644, 1.70318588
-0.0381049475615625, 0.5234940242767334, -3.54394117, 1.69586902
-0.03690187416460245, 0.5240362882614136, -3.57325831, 1.63605964
-0.03690187416460245, 0.5245944738388062, -3.57325831, 1.63605964
-0.03690187416460245, 0.525180425643921, -3.57325831, 1.63605964
-0.04813952053851292, 0.5257578659057618, -4.65396153, 2.74429447
-0.046838791170939365, 0.5262898659706117, -4.60619971, 2.83104241
-0.05021695533056838, 0.5268508982658386, -4.46208328, 2.95092188
-0.05021695533056838, 0.5274055290222168, -4.46208328, 2.95092188
-0.05021695533056838, 0.5279654383659362, -4.46208328, 2.95092188
-0.0516660874020969, 0.5285398602485657, -4.1505697, 3.56210849
-0.065378250884651, 0.5291025662422181, -4.03182873, 4.04025338
-0.05981733652994267, 0.5299871516227722, -5.08048822, 4.24466778
-0.05981733652994267, 0.53054927110672, -5.08048822, 4.24466778
-0.05981733652994267, 0.5310916924476624, -5.08048822, 4.24466778
-0.03865816903526685, 0.5316557502746583, -5.86547852, 1.98752959
-0.004515426866357387, 0.5322141933441162, -8.10249592, 0.980215763
0.0, 0.5326463794708253, -8.10249592, 0.980215763
0.0, 0.5329995226860047, -7.47874472, 0.756054473
0.0, 0.5333502984046936, -7.47874472, 0.756054473
0.0, 0.5336893224716187, -7.47874472, 0.756054473
0.0, 0.5340336179733277, -7.47874472, 0.756054473
0.0, 0.5343823766708374, -7.47874472, 0.756054473
0.0, 0.534744839668274, -6.94444167, 0.437961581
0.0, 0.5350906729698182, -3.93632942, 0.215117936
0.0, 0.5354774761199952, -3.29013359, 0.342151104
-0.031054459145715255, 0.5358340311050416, -1.59600232, 0.778944433
-0.03902270859321752, 0.5364074301719666, -1.59600232, 0.778944433
-0.03902270859321752, 0.5369661521911622, -1.59600232, 0.778944433
-0.08983374472615664, 0.5375266265869141, -0.740531148, 3.16377124
-0.08604103754604607, 0.5380734610557557, -2.89092149, 3.16906626
-0.07284588351498654, 0.5386461162567139, -3.18314469, 3.69768763
-0.07391485702831616, 0.5391831231117249, -3.18314469, 3.69768763
-0.07391485702831616, 0.5397409868240357, -3.18314469, 3.69768763
-0.07487027827920638, 0.540302119255066, -3.20984214, 3.99044312
-0.06412054629872119, 0.5408834004402161, -6.17601516, 4.9173496
-0.045405658028050924, 0.5414228105545045, -7.00495684, 3.82937372
-0.035731113633375514, 0.5419804096221924, -7.30726504, 2.86355985
-0.032098715302800146, 0.5425273871421814, -7.30726504, 2.86355985
-0.032098715302800146, 0.5431036758422852, -7.30726504, 2.86355985
-0.020919193980845734, 0.5436895918846131, -7.56787215, 1.36435098
-0.020045896733068107, 0.5442524838447571, -6.87320004, 1.65560602
-0.020836389688178872, 0.5447990894317627, -6.48245454, 1.62403867
-0.021097097521047173, 0.5453635978698731, -6.48245454, 1.62403867
-0.021097097521047173, 0.5459236216545105, -6.48245454, 1.62403867
-0.021060700397767362, 0.5464629817008972, -6.1931865, 1.54738834
-0.0264085517546018, 0.5470033645629883, -3.6051708, 1.66294605
-0.03746372479342616, 0.547559175491333, -3.50765935, 1.64180653
-0.041369338012024554, 0.5481059885025025, -3.36542382, 1.85230383
-0.04324208097709209, 0.5486613488197327, -3.36542382, 1.85230383
-0.04324208097709209, 0.5492425227165223, -3.36542382, 1.85230383
-0.056844141416049807, 0.5498117232322693, -2.93363344, 2.45565218
-0.06045556939685291, 0.5503805160522461, -2.52775306, 2.15812306
-0.059451479872360505, 0.5509214496612549, -2.09646332, 1.71023625
-0.05880990786938264, 0.5514712309837342, -2.09646332, 1.71023625
-0.05880990786938264, 0.5520390939712525, -2.09646332, 1.71023625
-0.057994818590937997, 0.5525909137725831, -1.44415809, 1.14427746
-0.08074428599383576, 0.5532074213027954, -2.43285171, 2.91403054
-0.06946797284988386, 0.5537400078773499, -3.9245191, 3.84274452
-0.05485907802192526, 0.5543032574653626, -5.39388269, 4.00186738
-0.05485907802192526, 0.5548562932014466, -5.39388269, 4.00186738
-0.05485907802192526, 0.5554257082939149, -5.39388269, 4.00186738
0.0, 0.5560140991210938, -6.53339493, 0.837535919
0.0, 0.5563647890090943, -10.0179052, 0.489557095
0.0, 0.5567048931121826, -10.0188091, 0.292113597
0.0, 0.557066719532013, -10.0194749, 0.17318554
0.0, 0.5574402260780336, -10.0194749, 0.17318554
0.0, 0.557788805961609, -10.0194749, 0.17318554
0.0, 0.5581497240066529, -10.0194749, 0.17318554
0.0, 0.5584978604316712, -10.0194749, 0.17318554
-0.0002943043866236792, 0.5588426780700684, -1.93152068, 0.593170349
-0.03142312193336648, 0.5593985748291016, -1.74805078, 0.73794742
-0.06850299835888471, 0.5599303674697876, -0.821449289, 1.26779509
-0.08558905543285254, 0.5604609513282777, -0.821449289, 1.26779509
-0.08558905543285254, 0.5610033226013184, -0.821449289, 1.26779509
-0.12707879961410526, 0.5615594840049745, 0.309682004, 2.06004934
-0.06297274399936811, 0.5620935297012329, -1.8198513, -0.443570912
-0.057991537306140525, 0.562621488571167, -2.40673747, -2.23762946
-0.06719058903552265, 0.5632201075553894, -2.41494158, -2.47755641
-0.06859985828777433, 0.5637865972518921, -2.41494158, -2.47755641
-0.06859985828777433, 0.564334146976471, -2.41494158, -2.47755641
-0.044848852700005055, 0.5648962950706482, -2.07501997, 0.837614109
-0.04805675086039888, 0.5655841493606568, -1.58851267, 1.11866872
-0.05910561452648544, 0.5661591219902039, -1.43298924, 1.26907539
-0.062292827885656335, 0.5667254686355591, -1.43298924, 1.26907539
-0.062292827885656335, 0.5673179650306702, -1.43298924, 1.26907539
-0.036864825675560486, 0.5678819584846497, -1.5248676, 0.440146266
-0.015587748311997628, 0.5684428906440735, -5.77778001, 1.12958056
-0.01713348119246703, 0.5690001463890076, -6.30779629, 1.29508703
-0.017403692141761424, 0.569546344280243, -6.30779629, 1.29508703
-0.017403692141761424, 0.5700936794281006, -6.30779629, 1.29508703
-0.021712481330140365, 0.5706492614746094, -6.26625078, 1.78631885
-0.02716720919234018, 0.571233582496643, -6.71373492, 1.6906667
-0.01824371367431077, 0.5717922687530518, -6.3207148, 1.24883961
0.0, 0.5723434376716614, -5.96169229, 0.823135649
0.0, 0.5726895928382874, -5.96169229, 0.823135649
0.0, 0.5730397033691407, -5.96169229, 0.823135649
0.0, 0.5733856368064881, -5.96169229, 0.823135649
0.0, 0.573738615512848, -5.96169229, 0.823135649
0.0, 0.5740991187095642, -5.75229765, 0.238281271
0.0, 0.5744467902183533, -5.00716145, 0.344217056
0.0, 0.5748122501373292, -5.32230558, 0.308553755
-0.0015104739537205062, 0.5751778173446656, -5.7501786, -0.10107073
-0.0015104739537205062, 0.5757561802864075, -5.7501786, -0.10107073
-0.0015104739537205062, 0.5762967491149903, -5.7501786, -0.10107073
-0.009256133557893391, 0.5768621087074279, -6.59189796, -1.01490133
-0.03538645234577126, 0.5774029850959778, -7.058483, -2.87132859
-0.02707526092511223, 0.5779545617103576, -7.57329142, -2.17264092
-0.011369569499388988, 0.5784948801994324, -7.77618294, -1.03476209
-0.011369569499388988, 0.5790528655052185, -7.77618294, -1.03476209
-0.011369569499388988, 0.5796085762977601, -7.77618294, -1.03476209
-0.019799465874992407, 0.5801647019386291, -5.0972415, 1.36195258
-0.024887777914435107, 0.5807156705856323, -5.22585365, 1.63848121
-0.03218772987851591, 0.5812374353408813, -5.83938861, 2.4210202
-0.03377846582942243, 0.5818179368972778, -5.83938861, 2.4210202
-0.03377846582942243, 0.5823712158203126, -5.83938861, 2.4210202
-0.0505806012643821, 0.5829034805297851, -5.30989729, 4.34936897
-0.08109006621607297, 0.5834584689140321, -2.77237001, 5.09112357
-0.10169080251352162, 0.5840053033828736, -2.49647245, 6.32781765
-0.10270440458370665, 0.5845367813110351, -2.49647245, 6.32781765
-0.10270440458370665, 0.5850923132896424, -2.49647245, 6.32781765
-0.10270440458370665, 0.5856665349006653, -2.61420257, 6.33520403
-0.06169454359820692, 0.586204972267151, -4.511653, 2.38942388
-0.00764046040378473, 0.5868701529502869, -5.20711257, 0.286530835
0.0, 0.5872868466377259, -5.20711257, 0.286530835
-0.0054765771964807326, 0.5876355409622193, -4.99898168, -0.318981325
-0.0054765771964807326, 0.5882109212875367, -4.99898168, -0.318981325
-0.0054765771964807326, 0.5887695717811585, -4.99898168, -0.318981325
-0.041702178279228674, 0.5893145751953125, -0.895969055, 0.639992801
-0.1176358776447855, 0.5898619675636292, 0.50107741, 2.88092219
-0.15555978737561055, 0.5903777813911438, 1.02530351, 4.20388338
-0.15555978737561055, 0.590935423374176, 1.02530351, 4.20388338
-0.15555978737561055, 0.5914722013473511, 1.02530351, 4.20388338
-0.15167034243078673, 0.5920341062545778, 0.851171146, 4.91901226
-0.08303577700208145, 0.5925900530815125, -5.89169967, 8.58212875
-0.08137571343079594, 0.5931432104110719, -6.80436427, 9.23281364
-0.07462643446424083, 0.5937196707725525, -7.58543722, 8.9605836
-0.07462643446424083, 0.5942532658576966, -7.58543722, 8.9605836
-0.07462643446424083, 0.5948528218269349, -7.58543722, 8.9605836
-0.032405523583682073, 0.5954036331176759, -6.91731658, 2.58284851
-0.02619171849648313, 0.5959501600265503, -7.09090571, 2.02714954
-0.018366325985753235, 0.5965221571922303, -7.15147913, 1.47719746
-0.017506175637703094, 0.5970987391471863, -7.15147913, 1.47719746
-0.017506175637703094, 0.597639057636261, -7.15147913, 1.47719746
-0.01245519616529215, 0.598232798576355, -5.17736778, -0.600855478
-0.01889798215023754, 0.5987841677665711, -4.4581416, -1.24373577
-0.038251769151884926, 0.5993474817276001, -2.14872571, -1.05421578
-0.03920049585898727, 0.5999166679382324, -2.14872571, -1.05421578
-0.03920049585898727, 0.6004657411575318, -2.14872571, -1.05421578
-0.03920049585898727, 0.6010116744041444, -1.68890628, -0.582116535
-0.049347934518107234, 0.6015614843368531, -0.992993918, -0.828481452
-0.026641683595691745, 0.6020926475524903, -3.26099636, 0.64031309
-0.01666347642454312, 0.60266747713089, -3.26099636, 0.64031309
-0.01666347642454312, 0.6032134389877319, -3.26099636, 0.64031309
-0.01666347642454312, 0.60375892162323, -3.26099636, 0.64031309
-0.01952997646880796, 0.6043197035789489, -5.27694961, 1.18411176
-0.006323644473444006, 0.6048953199386597, -4.72728829, 0.272004302
0.0, 0.6053420615196228, -4.72728829, 0.272004302
-0.017220155216955975, 0.6057084798812866, -4.20389162, -1.07390346
-0.021495008501708456, 0.6062526893615723, -4.20389162, -1.07390346
-0.021495008501708456, 0.6067995667457581, -4.20389162, -1.07390346
-0.031033589474962313, 0.6073467016220093, -4.13860381, -1.83126279
-0.05455209961991369, 0.6079039001464844, -2.1011438, -1.8392227
-0.06556680034122217, 0.6084761047363282, -2.34497329, -2.342377
-0.06745239641749304, 0.6090149712562561, -2.34497329, -2.342377
-0.06745239641749304, 0.6095530581474304, -2.34497329, -2.342377
-0.06994478395478287, 0.6101123952865601, -2.21146684, -2.63114094
-0.08393914045343207, 0.6112222290039063, -2.79549517, -3.95914225
-0.07582813472621408, 0.6117546367645265, -3.10410226, -3.50125631
-0.07266123889922589, 0.6123215270042419, -3.10410226, -3.50125631
-0.07266123889922589, 0.6128982949256898, -3.10410226, -3.50125631
-0.05212733186697595, 0.6134756779670716, -3.19998055, 1.69479727
-0.08572424258788255, 0.614056715965271, -2.46426356, 4.73380824
-0.09778233190323365, 0.6145905971527099, -2.20969286, 5.08979691
-0.09979849047429926, 0.61512610912323, -2.20969286, 5.08979691
-0.09979849047429926, 0.6156891798973084, -2.20969286, 5.08979691
-0.09862875090426854, 0.6165732073783875, -4.07348116, 6.16926832
-0.07394303234101443, 0.6171446108818055, -5.47242448, 5.60019856
-0.04471818943316434, 0.617717444896698, -6.45953361, 3.23692825
-0.03992376900031651, 0.6182456254959107, -6.45953361, 3.23692825
-0.03992376900031651, 0.6188047623634338, -6.45953361, 3.23692825
-0.03992376900031651, 0.6193846487998963, -4.48275392, -0.0521846354
-0.008231343012374439, 0.6199502015113831, -3.81877921, -0.529754181
-0.009454460494047325, 0.6205024933815003, -3.30948222, -0.199383731
-0.00517152874875633, 0.621056387424469, -3.30948222, -0.199383731
-0.00517152874875633, 0.6215873289108277, -3.30948222, -0.199383731
-0.00517152874875633, 0.6221268606185913, -3.30948222, -0.199383731
-0.0072112431430484784, 0.6226855754852295, -9.5308633, -3.12106928
-0.03064832956673844, 0.6232495903968811, -9.35452324, -3.70037569
-0.0377788582809809, 0.6237997865676881, -8.69430072, -4.08861533
-0.0377788582809809, 0.6243822407722474, -8.69430072, -4.08861533
-0.0377788582809809, 0.6249188542366028, -8.69430072, -4.08861533
-0.04255605182449813, 0.6254655098915101, -7.33430756, -4.22816864
-0.024807227097425597, 0.6260402035713196, -3.07131973, -0.881040729
-0.029401318410533138, 0.6265834259986878, -3.38068994, -1.32475999
-0.042821511301496216, 0.6271225357055664, -3.25038639, -1.76831926
-0.042821511301496216, 0.6276806068420411, -3.25038639, -1.76831926
-0.042821511301496216, 0.6282279348373414, -3.25038639, -1.76831926
-0.049545791722345585, 0.6287821292877197, -2.69435318, -1.90572907
-0.14953790090036018, 0.6293436336517335, 0.126374468, -1.01224377
-0.1187094763082322, 0.6299032855033875, -0.300197811, -0.831613683
-0.10522697309678272, 0.6304341626167298, -0.300197811, -0.831613683
-0.10522697309678272, 0.6309934496879578, -0.300197811, -0.831613683
-0.06505860917637057, 0.631548924446106, -0.490182219, -0.282812396
-0.040581308121311874, 0.6320756101608277, -3.21516409, -1.53974705
-0.05956139126548067, 0.6326196765899659, -4.25083207, -3.80702921
-0.06277125780951427, 0.6331706738471985, -4.25083207, -3.80702921
-0.06277125780951427, 0.6337237167358399, -4.25083207, -3.80702921
-0.06277125780951427, 0.6342818880081177, -4.03005475, -4.07194239
-0.03188102530641821, 0.634845745563507, -3.86370753, 0.628062175
-0.018790240572877454, 0.6353934454917909, -3.79930892, 1.18864697
-0.027385054300204048, 0.6359571528434753, -3.7145169, 1.25719925
-0.02804802052221305, 0.6365052318572999, -3.7145169, 1.25719925
-0.02804802052221305, 0.6370891094207763, -3.7145169, 1.25719925
-0.02804802052221305, 0.6376694679260254, -4.26163153, 4.14616535
-0.06589182239998848, 0.6382202577590943, -5.37800902, 5.1546638
-0.05536704019634277, 0.6387531733512879, -7.62230225, 5.11072209
-0.05076253366391658, 0.6392878270149231, -7.62230225, 5.11072209
-0.05076253366391658, 0.639859802722931, -7.62230225, 5.11072209
-0.05076253366391658, 0.6404438304901123, -7.62230225, 5.11072209
-0.05668224304820847, 0.6409970593452454, -5.5912967, 4.75350525
-0.05495131626702081, 0.64152667760849, -5.76039484, 3.99856524
-0.04102148643173341, 0.6420776176452637, -5.65522859, 2.92484073
-0.04102148643173341, 0.6426557731628418, -5.65522859, 2.92484073
-0.04102148643173341, 0.6432478189468384, -5.65522859, 2.92484073
-0.03343753330241192, 0.6438176417350769, -1.85213319, -2.42090434
-0.09183720884060728, 0.6443537688255311, -1.30604416, -2.87199481
-0.1049328918771119, 0.6449119973182679, -1.0397553, -3.34852339
-0.10912473897683876, 0.6454525017738343, -1.0397553, -3.34852339
-0.10912473897683876, 0.6460009598731995, -1.0397553, -3.34852339
-0.10912473897683876, 0.6465769410133362, -1.0397553, -3.34852339
-0.0875301937923326, 0.6471550607681275, -1.77367397, -2.58202008
-0.07330325705352031, 0.6477191615104676, -2.23941331, -2.28254444
-0.057404922466810934, 0.6482762098312378, -2.77908695, -2.19242483
-0.057404922466810934, 0.6488319492340089, -2.77908695, -2.19242483
-0.057404922466810934, 0.6494081950187683, -2.77908695, -2.19242483
-0.05290315359551944, 0.65008207321167, -4.31685868, -2.92762727
-0.041423279959057355, 0.6507365393638611, -4.43551707, -1.93143366
-0.03529587637362915, 0.6513105034828186, -4.43551707, -1.93143366
-0.03529587637362915, 0.6519165396690368, -4.43551707, -1.93143366
-0.03529587637362915, 0.6524740743637085, -4.43551707, -1.93143366
-0.029119204283791687, 0.653029534816742, -6.69539715, -2.36183069
-0.02835759250046884, 0.6535759186744691, -6.10695082, -2.06024052
-0.01931954744088307, 0.6541264653205872, -5.32492526, -1.21758509
-0.01931954744088307, 0.6546886134147645, -5.32492526, -1.21758509
-0.01931954744088307, 0.6552295827865601, -5.32492526, -1.21758509
-0.011756116674546718, 0.6557785916328431, -4.77556034, -0.444382929
-0.01751597815411185, 0.6563071584701539, -6.01498988, 1.59572711
-0.005845175645712899, 0.6568495869636536, -6.06984763, 0.709755024
0.0, 0.6572785687446594, -6.06984763, 0.709755024
0.0, 0.6576260614395142, -6.06984763, 0.709755024
0.0, 0.6579824376106262, -6.06984763, 0.709755024
0.0, 0.6583156037330629, -6.06984763, 0.709755024
0.0, 0.6586767721176148, -6.06984763, 0.709755024
0.0, 0.6590246868133545, -6.06984763, 0.709755024
-0.006033490863799301, 0.6593853044509889, -2.82148775, 0.67420061
-0.04131440606433374, 0.6599279546737671, -2.72166777, 1.87719737
-0.05189239426434177, 0.6604891872406007, -2.72166777, 1.87719737
-0.05189239426434177, 0.6610267019271852, -2.72166777, 1.87719737
-0.05189239426434177, 0.6615837216377258, -2.72166777, 1.87719737
-0.045647926923542796, 0.6621540522575379, -5.04301563, 2.47565044
-0.03618605909342769, 0.6626990699768067, -5.44511948, 2.32396609
-0.03288475857961456, 0.6632676124572754, -5.70961003, 2.29793128
-0.03288475857961456, 0.6638065791130067, -5.70961003, 2.29793128
-0.03288475857961456, 0.6643868517875672, -5.70961003, 2.29793128
-0.03136782188262725, 0.6649176788330078, -5.73864035, 2.13489218
-0.010203117844711201, 0.6654620242118836, -5.20388534, 0.287034146
-0.032128807417974914, 0.6662787461280824, -4.84042051, 1.89881194
-0.032128807417974914, 0.6668408942222596, -4.84042051, 1.89881194
-0.032128807417974914, 0.6674063324928283, -4.84042051, 1.89881194
-0.03591014162479161, 0.6680011034011841, -4.93502546, 2.32230343
-0.03790792957678384, 0.6688866901397705, -6.8445052, 3.57716511
-0.04138958829380523, 0.6694301915168762, -6.8445052, 3.57716511
-0.04138958829380523, 0.6699732208251954, -6.8445052, 3.57716511
-0.04138958829380523, 0.67056453704834, -6.8445052, 3.57716511
-0.03678893161730821, 0.6712196898460389, -6.42833558, 1.99356035
-0.022127767064466525, 0.6717851209640504, -6.07325476, 1.45950492
-0.01308333554599126, 0.6723271560668945, -5.92938608, 0.909677433
-0.01308333554599126, 0.672877287864685, -5.92938608, 0.909677433
-0.01308333554599126, 0.67341210603714, -5.92938608, 0.909677433
-0.004361111848663754, 0.6739840245246888, -5.80204727, 0.394651304
0.0, 0.6743975782394409, -5.80204727, 0.394651304
0.0, 0.6747426390647888, -4.3507833, 0.134695818
0.0, 0.6750864553451539, -3.87069654, 0.128044461
0.0, 0.6754297924041748, -3.3902743, 0.319781252
0.0, 0.6757660627365112, -3.3902743, 0.319781252
0.0, 0.6761244344711305, -3.3902743, 0.319781252
0.0, 0.6764666843414308, -3.3902743, 0.319781252
0.0, 0.6768236756324768, -3.3902743, 0.319781252
0.0, 0.6771746158599854, -3.3902743, 0.319781252
-0.03464597333241605, 0.6775328159332276, -3.97573156, 2.14011768
-0.03824593799950361, 0.678097631931305, -5.02751136, 2.34774154
-0.03754737060101537, 0.6786561536788941, -5.02751136, 2.34774154
-0.03754737060101537, 0.6792430496215821, -5.02751136, 2.34774154
-0.03754737060101537, 0.6798074579238892, -5.02751136, 2.34774154
-0.03728032601879973, 0.6803786969184876, -5.76658682, 2.77101867
-0.044053683300174055, 0.6809678030014038, -4.99969613, 3.25016
-0.0495401214823534, 0.6815091013908386, -4.99969613, 3.25016
-0.0495401214823534, 0.6820310592651367, -4.99969613, 3.25016
-0.0495401214823534, 0.6825647258758545, -4.99969613, 3.25016
-0.050750657617189415, 0.683126938343048, -4.61927378, 3.14365132
-0.054918761557684576, 0.6836832070350647, -4.37333483, 2.83607673
-0.04466809349527828, 0.6842374444007874, -4.61178413, 2.47142137
-0.04227979742960306, 0.6847913455963135, -4.61178413, 2.47142137
-0.04227979742960306, 0.6853510904312134, -4.61178413, 2.47142137
-0.04227979742960306, 0.6859156489372253, -4.61178413, 2.47142137
-0.03688073199977987, 0.6864805293083192, -3.76474283, 1.61335014
-0.03368610247381974, 0.6870173573493957, -3.68858256, 1.49684233
-0.028526571179298597, 0.6875582265853882, -4.08869861, 1.40926596
-0.028526571179298597, 0.6881034874916077, -4.08869861, 1.40926596
-0.028526571179298597, 0.6886754274368286, -4.08869861, 1.40926596
-0.0253716984650774, 0.6892407441139221, -4.79480206, 1.36247397
0.0, 0.6897817206382751, -6.10133247, 0.753649118
-0.019206052503488495, 0.6904902315139771, -5.2404783, 1.19099557
-0.019206052503488495, 0.691028733253479, -5.2404783, 1.19099557
-0.019206052503488495, 0.6915682291984558, -5.2404783, 1.19099557
-0.02444855816806943, 0.6921285676956177, -4.92041555, 1.60315984
-0.05460871679332217, 0.6927049350738526, -3.41482838, 3.4853365
-0.06147928875757934, 0.6932644653320313, -3.96112165, 3.31914009
-0.059940944240414254, 0.6938139176368714, -3.96112165, 3.31914009
-0.059940944240414254, 0.6943560099601747, -3.96112165, 3.31914009
-0.059940944240414254, 0.6949000334739686, -3.96112165, 3.31914009
-0.057405460473478095, 0.695445580482483, -3.17801223, 2.1456734
-0.04589710800940115, 0.6959974575042726, -3.41480405, 1.88384801
-0.04314766787992791, 0.6965261816978454, -3.51729238, 1.92610389
-0.04305831952330926, 0.6970860409736634, -3.51729238, 1.92610389
-0.04305831952330926, 0.6976622295379639, -3.51729238, 1.92610389
-0.04662468528521496, 0.6982291054725647, -3.66397024, 2.31375261
-0.05513878411217572, 0.6987991213798523, -5.2123276, 4.30450034
-0.05862264912308939, 0.6993460202217102, -5.16638842, 4.16089176
-0.058270767826454024, 0.6999135255813599, -5.16638842, 4.16089176
-0.058270767826454024, 0.7004504036903382, -5.16638842, 4.16089176
-0.058270767826454024, 0.7009970164299012, -5.16638842, 4.16089176
-0.05772415479983276, 0.7015769386291504, -2.17327979, 1.07993197
-0.029675717820329794, 0.7021203112602235, -2.53563644, 0.749357939
0.0, 0.7026898336410523, -3.01230648, 0.297328576
0.0, 0.7030443716049195, -3.01230648, 0.297328576
0.0, 0.7033878087997436, -3.01230648, 0.297328576
0.0, 0.7037252807617188, -3.01230648, 0.297328576
0.0, 0.704085283279419, -3.01230648, 0.297328576
0.0, 0.7044566583633423, -3.01230648, 0.297328576
0.0, 0.70481285572052, -3.19558689, 0.0285572307
-0.030537685285663484, 0.7051560497283936, -1.82548439, 0.861002747
-0.05922499580312496, 0.7056974768638611, -1.43203663, 1.51430315
-0.0698990614133943, 0.7062928485870362, -1.43203663, 1.51430315
-0.0698990614133943, 0.7068646025657654, -1.43203663, 1.51430315
-0.08613955230176236, 0.7074046277999878, -1.1559835, 2.25315534
-0.10954790644553976, 0.7079524421691895, -0.854794274, 4.40025098
-0.11674005383930453, 0.7085005283355713, -0.939184754, 4.14614218
-0.1158551132598355, 0.7090621972084046, -0.939184754, 4.14614218
-0.1158551132598355, 0.7096127438545228, -0.939184754, 4.14614218
-0.1158551132598355, 0.7101569533348083, -0.939184754, 4.14614218
-0.11489386153209304, 0.7107576608657837, -0.488993829, 2.37303481
-0.12416321066424243, 0.7113281416893006, 0.0963790292, 1.69544032
-0.1398803029536705, 0.7119048094749452, 0.0963790292, 1.69544032
-0.1398803029536705, 0.7124395275115967, 0.0963790292, 1.69544032
-0.1398803029536705, 0.7130163955688478, 0.0963790292, 1.69544032
-0.14362753356232877, 0.7136049723625184, 0.175353754, 1.42798391
-0.032217523501752596, 0.7141468000411988, -2.12374399, 0.599997778
-0.026426782785380125, 0.7146895217895508, -2.77393017, 0.930232699
-0.027808183284055932, 0.7152759957313538, -2.77393017, 0.930232699
-0.027808183284055932, 0.7158159923553467, -2.77393017, 0.930232699
-0.027808183284055932, 0.7163673329353333, -3.22424781, 1.37610546
-0.06860602633031125, 0.7169168281555176, -2.33014956, 3.59493297
-0.0837883841097419, 0.7174884963035584, -1.84390474, 2.64127911
-0.08262105212072178, 0.7180672955513001, -1.84390474, 2.64127911
-0.08262105212072178, 0.7186292576789857, -1.84390474, 2.64127911
-0.08262105212072178, 0.7191627740859985, -1.84390474, 2.64127911
-0.07884465653468554, 0.719745306968689, -1.68496459, 3.50911194
-0.09342767450008573, 0.7203532171249389, -2.17539884, 3.96557275
-0.08769069733768073, 0.7209334468841553, -2.54730593, 4.15039442
-0.08769069733768073, 0.7214520287513733, -2.54730593, 4.15039442
-0.08769069733768073, 0.7219973111152649, -2.54730593, 4.15039442
-0.08395521955023537, 0.7225630497932435, -2.74273214, 3.8772838
-0.06673951294168907, 0.7231205415725708, -2.32142048, 1.40197227
-0.034756007821699214, 0.723682610988617, -2.5474615, 0.88669712
-0.028787277051517277, 0.7242367911338807, -2.5474615, 0.88669712
-0.028787277051517277, 0.7247776460647584, -2.5474615, 0.88669712
-0.028787277051517277, 0.7253393578529359, -2.5474615, 0.88669712
0.0, 0.7259189081192017, -2.97457141, 0.412032059
0.0, 0.7262612223625183, -2.89483885, 0.117870761
0.0, 0.7266169548034668, -2.84866152, 0.387175767
-0.015924827480669906, 0.7269590544700624, -2.84889967, 0.534008944
-0.015924827480669906, 0.7275454783439637, -2.84889967, 0.534008944
-0.015924827480669906, 0.7281276178359986, -2.84889967, 0.534008944
-0.01445287543085695, 0.7286826992034913, -2.91798834, 0.469715963
-0.0026311150683226855, 0.7292399191856385, -3.68786811, -0.0522748762
-0.00040605156099212536, 0.7297767686843872, -3.7955958, 0.0512595219
0.0, 0.7302086901664734, -3.7955958, 0.0512595219
0.0, 0.7305476069450378, -3.7955958, 0.0512595219
0.0, 0.7308956718444825, -3.7955958, 0.0512595219
0.0, 0.7312358260154724, -3.7955958, 0.0512595219
0.0, 0.7315754365921021, -3.7955958, 0.0512595219
0.0, 0.731934380531311, -3.78284245, 0.377239853
-0.05213992990697544, 0.7322854852676393, -3.14480207, 2.57218316
-0.06299653172128178, 0.7328834176063538, -2.93815835, 2.77424551
-0.06503459193712105, 0.7334472250938415, -2.93815835, 2.77424551
-0.06503459193712105, 0.7340096664428711, -2.93815835, 2.77424551
-0.06503459193712105, 0.7345439338684082, -2.79237485, 2.83032984
-0.06246193507921694, 0.7351205587387085, -3.27833285, 2.72835727
-0.06105710420144808, 0.7356776285171509, -3.64777584, 3.16928061
-0.06147741538446824, 0.7362487244606019, -3.64777584, 3.16928061
-0.06147741538446824, 0.736807861328125, -3.64777584, 3.16928061
-0.06147741538446824, 0.7373303413391114, -3.64777584, 3.16928061
-0.06334361785736464, 0.737891960144043, -3.62502007, 3.3628211
-0.0374079882581089, 0.7384501957893372, -2.90076834, 1.23914752
-0.02563726069071828, 0.7390327072143555, -2.81095078, 0.704585221
-0.021107521540211605, 0.7395604372024536, -2.81095078, 0.704585221
-0.021107521540211605, 0.7401191520690918, -2.81095078, 0.704585221
-0.019505334550681923, 0.7406535983085633, -2.96914255, 0.570009909
-0.0364382947822712, 0.741235158443451, -3.2752612, 1.96833659
-0.03232260252893224, 0.7418297290802002, -3.00023367, 1.05332942
-0.02901791943132214, 0.742386748790741, -3.00023367, 1.05332942
-0.02901791943132214, 0.742933361530304, -3.00023367, 1.05332942
-0.02901791943132214, 0.7435061597824097, -3.00023367, 1.05332942
-0.037863139483408303, 0.7441211295127869, -1.36548506, 1.53601042
-0.09966870454779041, 0.7446713829040528, -0.597493367, 2.30816793
-0.13675867860667365, 0.7452005648612976, 0.0611285823, 2.98683416
-0.13675867860667365, 0.7457411694526673, 0.0611285823, 2.98683416
-0.13675867860667365, 0.7462809157371522, 0.0611285823, 2.98683416
-0.14472510415753945, 0.7468448662757874, 0.587277942, 3.65063495
-0.13168144745899227, 0.7473874449729919, -0.494423985, 2.63724122
-0.1213473425531606, 0.7479566240310669, -0.366876132, 2.50156359
-0.1224848306066724, 0.7484893751144409, -0.366876132, 2.50156359
-0.1224848306066724, 0.7490848970413209, -0.366876132, 2.50156359
-0.1224848306066724, 0.7496195220947266, -0.366876132, 2.50156359
-0.14622927580289583, 0.7501981854438782, 1.45129826, 3.01902139
-0.16677156649294764, 0.7507693886756897, 1.15322815, 3.36172618
-0.15629538708976146, 0.7513530945777893, 0.965780828, 3.81759028
-0.15629538708976146, 0.7518831562995911, 0.965780828, 3.81759028
-0.15629538708976146, 0.7524314570426942, 0.965780828, 3.81759028
-0.1553877441474874, 0.7529939627647401, 1.14400476, 5.21119422
-0.1569019038781901, 0.7535552525520325, 1.53603203, 5.46055256
-0.15338278037819036, 0.7541006779670716, 1.20945657, 5.56798815
-0.15338278037819036, 0.75463698387146, 1.20945657, 5.56798815
-0.15338278037819036, 0.7551895260810852, 1.20945657, 5.56798815
-0.15338278037819036, 0.7557736110687256, 0.986144874, 5.46288144
-0.140068307757902, 0.7564076781272888, -0.00323634471, 3.86039651
-0.13175239358497778, 0.7572670364379883, -0.144303999, 3.81699937
-0.13175239358497778, 0.7578575801849365, -0.144303999, 3.81699937
-0.13175239358497778, 0.758440306186676, -0.144303999, 3.81699937
-0.13383710085569972, 0.7590307712554931, -0.00504762515, 3.59873334
-0.1188699672022283, 0.7595507192611695, -0.498536936, 1.7752248
-0.1173220223023968, 0.7601198697090149, -0.286881009, 1.65487028
-0.12024779727450541, 0.7606586718559265, -0.286881009, 1.65487028
-0.12024779727450541, 0.7612067937850953, -0.286881009, 1.65487028
-0.12024779727450541, 0.7617585134506226, -0.286881009, 1.65487028
-0.1373371057950445, 0.7623265480995178, 0.217590544, 2.95902083
-0.14953105282761583, 0.7628882169723511, 0.894889424, 2.82491316
-0.16136611185772715, 0.7634394288063049, 0.894889424, 2.82491316
-0.16136611185772715, 0.7639996314048767, 0.894889424, 2.82491316
-0.16136611185772715, 0.7645497274398804, 0.894889424, 2.82491316
-0.15976351310182488, 0.7651252722740174, 0.879206532, 3.07125323
-0.11884159762929034, 0.7656697320938111, -0.848693864, 4.22549795
-0.11890603805905346, 0.7662225961685181, -0.778043058, 4.23274529
-0.1193766473303028, 0.7668039345741272, -0.778043058, 4.23274529
-0.1193766473303028, 0.767392818927765, -0.778043058, 4.23274529
-0.1193766473303028, 0.7679439020156861, -0.716863911, 3.94996576
-0.08084586857508003, 0.7685518336296082, -0.675852453, 0.587283515
0.0, 0.7691120076179505, -1.19428142, 0.0559706964
0.0, 0.7694642639160156, -1.19428142, 0.0559706964
-0.03602545613947126, 0.7698023796081543, -1.77268744, -0.789880526
-0.03602545613947126, 0.7703825736045837, -1.77268744, -0.789880526
-0.03602545613947126, 0.7709189796447754, -1.77268744, -0.789880526
-0.032992554321437606, 0.7714898467063904, -2.67220496, -0.393846744
-0.005515812292561094, 0.7721071124076844, -2.90126898, -0.0670388692
-0.0019855247351569854, 0.7726794743537904, -2.90126898, -0.0670388692
-0.0019855247351569854, 0.7732850599288941, -2.90126898, -0.0670388692
-0.0019855247351569854, 0.7738100218772889, -2.90126898, -0.0670388692
-0.0006618415783856619, 0.774340913295746, -3.0301097, 0.117028185
0.0, 0.7747901296615601, -2.54994994, 0.351851869
0.0, 0.775140905380249, -2.68744675, 0.327102726
-0.019316014434325936, 0.7754748296737671, -2.76726189, 0.632635997
-0.019316014434325936, 0.7760583424568177, -2.76726189, 0.632635997
-0.019316014434325936, 0.7766175150871277, -2.76726189, 0.632635997
-0.025645609833855745, 0.7771687555313112, -2.7004965, 0.940779074
-0.026526534505367634, 0.7781949472427369, -3.82687641, 1.56016822
-0.03327013410497221, 0.7787586903572083, -3.82687641, 1.56016822
-0.03327013410497221, 0.7793174982070923, -3.82687641, 1.56016822
-0.03327013410497221, 0.779873173236847, -3.82687641, 1.56016822
-0.06858165662839157, 0.7804726433753968, -3.41731682, 5.36238035
-0.10721899964721683, 0.7810059237480165, -1.76919773, 5.26549424
-0.10651830249673244, 0.7815418505668641, -1.7379997, 4.99209975
-0.10620665400876539, 0.7820776915550233, -1.7379997, 4.99209975
-0.10620665400876539, 0.7826700592041016, -1.7379997, 4.99209975
-0.10620665400876539, 0.7832038617134095, -1.7379997, 4.99209975
-0.11610496437747253, 0.7837594437599182, -0.904466671, 3.92830485
-0.11117720555059113, 0.7843165421485901, -1.13032791, 3.62020887
-0.10899031924547803, 0.7848698997497559, -1.13032791, 3.62020887
-0.10899031924547803, 0.7854185295104981, -1.13032791, 3.62020887
-0.10899031924547803, 0.7859808135032654, -1.13032791, 3.62020887
-0.10238247760499702, 0.7865424180030823, -0.515510785, 3.99865793
-0.12828317177225346, 0.787101776599884, -0.225410238, 4.23911206
-0.13354618314854697, 0.7876681590080261, -0.0710393949, 4.1991561
-0.13354618314854697, 0.7882323670387269, -0.0710393949, 4.1991561
-0.13354618314854697, 0.7887770128250122, -0.0710393949, 4.1991561
-0.132493618894885, 0.7893278026580811, -0.145587656, 4.12414526
-0.12093893945613435, 0.7898810243606568, -1.35122021, 5.82948333
-0.11969500200714969, 0.7904310560226441, -0.861025933, 5.22848703
-0.12097271779005536, 0.7910031175613403, -0.861025933, 5.22848703
-0.12097271779005536, 0.7915576124191285, -0.861025933, 5.22848703
-0.12097271779005536, 0.792123351097107, -0.861025933, 5.22848703
-0.14581907339872566, 0.792681872844696, 1.03411561, 4.20366903
-0.1529891321052836, 0.7932458519935608, 0.770315238, 4.33155476
-0.15012591797765104, 0.7937896037101746, 0.770315238, 4.33155476
-0.15012591797765104, 0.7943403792381287, 0.770315238, 4.33155476
-0.15012591797765104, 0.7948803758621217, 0.770315238, 4.33155476
-0.15099069566699858, 0.7954817628860474, 0.845230152, 4.36920501
-0.16759223427396225, 0.7960020756721498, 2.22276251, 4.19065163
-0.1777064334366132, 0.7965910530090332, 2.18381235, 3.98295825
-0.1781032136289692, 0.7971546959877014, 2.18381235, 3.98295825
-0.1781032136289692, 0.7977419638633728, 2.18381235, 3.98295825
-0.1779149656489286, 0.7982937765121461, 2.07160841, 3.83792454
-0.1386891435629577, 0.7988950204849243, -0.825146668, 4.45628317
-0.11730216978671686, 0.799472246170044, -0.867141901, 4.27882471
-0.11781548765659214, 0.8000425338745117, -0.867141901, 4.27882471
-0.11781548765659214, 0.800612964630127, -0.867141901, 4.27882471
-0.11781548765659214, 0.8011605715751647, -0.867141901, 4.27882471
-0.14212391780635578, 0.8017480039596558, 0.79573177, 4.02711431
-0.1502313959370708, 0.8023216247558593, 0.591805506, 3.83581001
-0.1481560315339869, 0.8029232263565064, 0.591805506, 3.83581001
-0.1481560315339869, 0.8034926915168763, 0.591805506, 3.83581001
-0.1481560315339869, 0.8040549755096436, 0.591805506, 3.83581001
-0.14806243668106728, 0.804646635055542, 0.501474031, 3.28593325
-0.04739908943489004, 0.8052252268791198, -2.36677645, 1.33610895
-0.03355056309538079, 0.8057990336418153, -2.43555397, 0.830440327
-0.028241422410426223, 0.8063534784317017, -2.43555397, 0.830440327
-0.028241422410426223, 0.8068915939331054, -2.43555397, 0.830440327
-0.009413807470142074, 0.807478482723236, -2.27312411, 0.31930632
0.0, 0.8078843975067139, -2.27312411, 0.31930632
-0.030648301854301577, 0.8082349228858948, -1.84221334, 0.775076058
-0.04357011326168277, 0.80880788564682, -1.42839134, 0.898152815
-0.048241674431649326, 0.8093515944480896, -1.42839134, 0.898152815
-0.048241674431649326, 0.8098939013481139, -1.42839134, 0.898152815
-0.048241674431649326, 0.8104599118232727, -0.921165413, 0.881263788
-0.06126549457947912, 0.8110059237480163, -0.435727577, -0.357905435
-0.045876399165253705, 0.8115470790863037, -0.811925131, -0.282306189
-0.02875882790092038, 0.8120839929580688, -0.811925131, -0.282306189
-0.02875882790092038, 0.8126123237609864, -0.811925131, -0.282306189
-0.02875882790092038, 0.8131362628936767, -0.811925131, -0.282306189
-0.00958627596697346, 0.8137253332138062, -1.37845222, 0.0871099852
0.0, 0.8141701793670654, -1.37845222, 0.0871099852
-0.046316399643517386, 0.8145227003097535, -3.68710498, 1.99128361
-0.04255802544694949, 0.815066294670105, -3.68710498, 1.99128361
-0.04255802544694949, 0.8156198811531066, -3.68710498, 1.99128361
-0.04255802544694949, 0.8161492562294006, -3.68710498, 1.99128361
-0.04094871192504378, 0.816742947101593, -3.94336709, 1.9887172
-0.06343987447458181, 0.8173158097267151, -3.12908398, 2.91277341
-0.06768584579015821, 0.8179158520698546, -2.91343911, 3.03928035
-0.06931658942351983, 0.818474817276001, -2.91343911, 3.03928035
-0.06931658942351983, 0.8190277671813965, -2.91343911, 3.03928035
-0.07590515130852063, 0.8199550604820252, -0.689008365, 0.865186778
-0.07162164103070429, 0.820556812286377, -0.60567311, 0.624744605
-0.07440406367012922, 0.8211199831962585, -0.641738041, 0.754111887
-0.07440406367012922, 0.8216793489456176, -0.641738041, 0.754111887
-0.07440406367012922, 0.8222261476516725, -0.641738041, 0.754111887
-0.07578950699066384, 0.8227780675888061, -0.859533753, 1.06098713
-0.11430284197065504, 0.8236839604377746, -0.486296742, 1.87976378
-0.11324328170279377, 0.8242706632614135, -0.486296742, 1.87976378
-0.11324328170279377, 0.8248407578468322, -0.486296742, 1.87976378
-0.11324328170279377, 0.825364167690277, -0.486296742, 1.87976378
-0.07094281797730756, 0.8263793301582336, -1.20078057, 1.41190188
-0.0858279119554939, 0.8269676065444946, -0.746948472, 1.34852965
-0.09152699958304454, 0.8275326585769653, -0.746948472, 1.34852965
-0.09152699958304454, 0.8280850148200989, -0.746948472, 1.34852965
-0.09152699958304454, 0.8286350464820862, -0.304688434, 1.09225998
-0.16008587137253988, 0.8291764736175538, 1.08474649, 1.67810116
-0.1653581644097486, 0.8297715950012208, 0.802911221, 2.5541546
-0.16117620041667532, 0.8302946615219117, 0.802911221, 2.5541546
-0.16117620041667532, 0.8308330702781678, 0.802911221, 2.5541546
-0.16117620041667532, 0.8314205670356751, 0.802911221, 2.5541546
-0.1505905083359032, 0.832471992969513, 0.846672265, 5.29207361
-0.14631161353254465, 0.8330029201507567, 0.651193551, 5.48812837
-0.1451501837912875, 0.8335413932800293, 0.651193551, 5.48812837
-0.1451501837912875, 0.8340787649154663, 0.651193551, 5.48812837
-0.1451501837912875, 0.8346323227882385, 0.651193551, 5.48812837
-0.11393548040388621, 0.8351831769943237, -1.30748266, 3.00526825
-0.10583246218355935, 0.8357387161254882, -1.06770176, 3.40464828
-0.1167100682206802, 0.8362857508659364, -0.862177382, 3.98999125
-0.1167100682206802, 0.8368328928947448, -0.862177382, 3.98999125
-0.1167100682206802, 0.8373922157287599, -0.862177382, 3.98999125
-0.11874168938779725, 0.8379686546325683, -0.796988808, 4.44654474
-0.09344019608577533, 0.8385052180290222, -2.17180221, 4.07212777
-0.09630043116376821, 0.8390655636787414, -1.70809934, 3.71994525
-0.09800501796694719, 0.8395866632461548, -1.70809934, 3.71994525
-0.09800501796694719, 0.8401231908798218, -1.70809934, 3.71994525
-0.09800501796694719, 0.8406996870040894, -1.70809934, 3.71994525
-0.10755834706152864, 0.8412656116485596, -0.633833403, 1.9089559
-0.11953611777845626, 0.8418343400955199, 0.5862062, 1.42926421
-0.16845114411805653, 0.8423673844337463, 0.5862062, 1.42926421
-0.16845114411805653, 0.8429014587402344, 0.5862062, 1.42926421
-0.16845114411805653, 0.843456633090973, 0.5862062, 1.42926421
-0.1964386058249984, 0.8439983105659484, 1.31425343, 1.09157058
-0.07072119036606764, 0.8473987150192261, -1.3239882, -0.0698169318
-0.026013823623015683, 0.8479376244544984, -1.40737564, -0.641513089
-0.056462390107668625, 0.8485076403617858, -1.00908223, -0.778265556
-0.056462390107668625, 0.8490701246261597, -1.00908223, -0.778265556
-0.056462390107668625, 0.8496155714988708, -1.00908223, -0.778265556
-0.0500335116739906, 0.8501972532272338, -0.80510536, -0.487833369
-0.03254907347226093, 0.8507471561431885, -2.37117011, 0.809333677
-0.021369693838217615, 0.851312780380249, -2.79369686, 0.591104397
-0.01792009549904874, 0.8518995690345765, -2.79369686, 0.591104397
-0.01792009549904874, 0.8524848985671998, -2.79369686, 0.591104397
-0.014296212043343543, 0.8530766725540161, -3.20976915, 0.4695619
-0.004161423438496982, 0.8536278271675111, -3.72893732, 0.0531582287
0.0, 0.854048969745636, -3.72893732, 0.0531582287
-0.01171830123321304, 0.8543971991539001, -3.55359853, -0.716551684
-0.01710047716067574, 0.8549485969543458, -3.55359853, -0.716551684
-0.01710047716067574, 0.855505838394165, -3.55359853, -0.716551684
-0.029184382591238102, 0.8560449266433716, -3.57003108, -1.55112497
-0.03844820735800822, 0.8566032552719116, -2.76072485, -1.38886797
-0.029166511549288697, 0.8571522212028503, -2.65360471, -0.854458466
-0.026772771780396415, 0.8577044701576233, -2.65360471, -0.854458466
-0.026772771780396415, 0.8582915234565736, -2.65360471, -0.854458466
-0.026772771780396415, 0.8588360977172853, -2.65360471, -0.854458466
-0.02726176867919932, 0.8594369697570802, -3.50821824, -1.1883909
-0.019043931596007285, 0.8599930882453919, -3.24681409, 0.109991852
0.0, 0.8605742049217225, -3.24681409, 0.109991852
0.0, 0.8609130501747131, -3.24681409, 0.109991852
0.0, 0.8612581753730775, -3.24681409, 0.109991852
0.0, 0.8616050028800964, -3.24681409, 0.109991852
0.0, 0.8619623017311098, -3.24681409, 0.109991852
0.0, 0.8623165822029113, -3.24681409, 0.109991852
-0.10397710486062356, 0.8626709198951721, 0.0807576156, 0.634630709
-0.13230745921011883, 0.8632419872283936, -0.101942263, 1.58919234
-0.12949449615416958, 0.8638045716285706, -0.101942263, 1.58919234
-0.12949449615416958, 0.8643676137924194, -0.101942263, 1.58919234
-0.12949449615416958, 0.864928982257843, -0.101942263, 1.58919234
-0.13439381903028907, 0.8654685068130494, 0.11168289, 4.32440591
-0.13473351877614176, 0.8660272789001466, -0.0798092021, 4.54416659
-0.12918757141076267, 0.8665690135955811, -0.305180321, 4.50557204
-0.12918757141076267, 0.8671026301383973, -0.305180321, 4.50557204
-0.12918757141076267, 0.8676399946212768, -0.305180321, 4.50557204
-0.12690147209271102, 0.8682040667533875, -0.444394341, 4.11678205
-0.09381817446595359, 0.8687747478485107, -1.61897191, 2.06465496
-0.07509135644398572, 0.8693238496780396, -1.99984623, 2.40489183
-0.07538094046651661, 0.8698842883110046, -1.99984623, 2.40489183
-0.07538094046651661, 0.8704368090629577, -1.99984623, 2.40489183
-0.07538094046651661, 0.8709583020210265, -1.99984623, 2.40489183
-0.07683659098854195, 0.871554388999939, -2.38707769, 2.97441346
-0.07679502325380527, 0.8721059513092042, -2.5760981, 3.20049457
-0.07554359079740293, 0.8726578640937805, -2.6349462, 3.1808497
-0.07554359079740293, 0.8732146263122559, -2.6349462, 3.1808497
-0.07554359079740293, 0.873767397403717, -2.6349462, 3.1808497
-0.07500690674913578, 0.8743913364410402, -2.45357101, 2.90605326
-0.11419057465825341, 0.8749660158157349, -0.0695393494, 1.37012105
-0.13572870610153218, 0.8755039668083191, 0.0565192916, 1.48375541
-0.13827218887213447, 0.8760700130462646, 0.0565192916, 1.48375541
-0.13827218887213447, 0.8766311311721802, 0.0565192916, 1.48375541
-0.11434427996482657, 0.8776193857192993, -2.8772642, 1.92966673
-0.056448941337202026, 0.8782076478004456, -3.05424572, 2.51995133
-0.07031392387242766, 0.878780689239502, -2.61298747, 2.78995097
-0.07031392387242766, 0.8793593025207519, -2.61298747, 2.78995097
-0.07031392387242766, 0.8799396395683289, -2.61298747, 2.78995097
-0.07929290624231483, 0.8805224442481995, -1.92342348, 2.83607673
-0.16463142632223593, 0.8810944342613221, 1.27312597, 3.44970808
-0.162892486088183, 0.8816588282585144, 1.16052831, 3.62241609
-0.16164616962762793, 0.8821957635879517, 1.16052831, 3.62241609
-0.16164616962762793, 0.8827302241325379, 1.16052831, 3.62241609
-0.16164616962762793, 0.883273310661316, 0.735788646, 3.42134439
-0.1433355078452172, 0.8838586330413818, 0.10486331, 2.64894936
-0.15322296149389877, 0.884431517124176, 0.540465955, 2.34104455
-0.15449976419182623, 0.8850025701522828, 0.540465955, 2.34104455
-0.15449976419182623, 0.8855569505691528, 0.540465955, 2.34104455
-0.15449976419182623, 0.886084816455841, 0.540465955, 2.34104455
-0.1489807641573187, 0.8866296482086182, -0.749364628, 1.92301609
-0.11940633947414586, 0.8871962952613831, -0.178262388, 2.05878641
-0.1511019659743483, 0.8877570772171021, 0.398605873, 2.12517692
-0.1509347647657086, 0.8883419704437256, 0.398605873, 2.12517692
-0.1509347647657086, 0.8888802504539489, 0.398605873, 2.12517692
-0.16141669777858336, 0.8894584989547729, 0.795493605, 2.0610226
-0.16049031167493238, 0.89002249956131, 0.374526456, 1.00506595
-0.17069671566033245, 0.8905686330795289, 0.490621018, 1.02962349
-0.16940045675132231, 0.8911077570915223, 0.457673613, 1.08169311
-0.16940045675132231, 0.8916653847694397, 0.457673613, 1.08169311
-0.16940045675132231, 0.8922271466255187, 0.457673613, 1.08169311
-0.10508363447188934, 0.8928358078002929, -0.726078454, 0.824061765
-0.049005081113685484, 0.8934156513214111, -1.02681767, 0.672407454
-0.05504153315149313, 0.8939724063873291, -0.948786186, 0.752867798
-0.057648331551699905, 0.8945460915565491, -0.948786186, 0.752867798
-0.057648331551699905, 0.8951064014434815, -0.948786186, 0.752867798
-0.06676933226472441, 0.8956842279434204, -0.810777074, 0.886459654
-0.12943989143882456, 0.896239573955536, 0.0865094969, 1.10358964
-0.16101934677592086, 0.8967973303794862, 0.506557633, 1.14970201
-0.1706673672832748, 0.8973195743560792, 0.506557633, 1.14970201
-0.1706673672832748, 0.8978562307357789, 0.506557633, 1.14970201
-0.1706673672832748, 0.8983923077583313, 0.707440254, 0.963118229
-0.10534955724681032, 0.8989579176902771, -1.89441749, -1.71777326
-0.05833878453804193, 0.8995239353179931, -2.71292911, -1.83874765
-0.050753801330094495, 0.9000556993484498, -2.73240898, -1.82157649
-0.050534458982274696, 0.9005976128578187, -2.73240898, -1.82157649
-0.050534458982274696, 0.9011614561080933, -2.73240898, -1.82157649
-0.05233532664371998, 0.9017183184623718, -2.19609381, -1.67245276
-0.05266674000614421, 0.9022822904586792, -1.96399206, -1.3257796
-0.023833820503335434, 0.9028497743606568, -2.04753506, -0.435354598
-0.018005525337935153, 0.9033897137641906, -2.04753506, -0.435354598
-0.018005525337935153, 0.9039563822746277, -2.04753506, -0.435354598
-0.018005525337935153, 0.9044993114471437, -2.05022774, -0.00841533523
-0.04141848919988647, 0.9050790977478028, -1.20580612, 1.0593602
-0.06105423343266412, 0.9056396722793579, -1.29702826, 0.572731498
-0.035737373501087986, 0.906202907562256, -1.29702826, 0.572731498
-0.035737373501087986, 0.9067909836769104, -1.29702826, 0.572731498
-0.035737373501087986, 0.9073376750946045, -1.29702826, 0.572731498
-0.020472766473811577, 0.907893328666687, -2.37121877, -0.492630177
-0.010838833905676026, 0.9084524369239807, -2.35627339, -0.204928846
0.0, 0.9090035629272462, -2.2280063, 0.305065326
-0.029739519601971978, 0.9093501472473144, -2.19358104, 0.790877376
-0.029739519601971978, 0.9099248266220092, -2.19358104, 0.790877376
-0.029739519601971978, 0.910488977432251, -2.19358104, 0.790877376
-0.05082193085855929, 0.9110301971435547, -1.2857525, 1.11409779
-0.04977114184659934, 0.9116061210632325, -1.00715268, 0.603692977
-0.046900254155865795, 0.9121821308135987, -0.938705991, 0.573683678
-0.047146349334289885, 0.9127549505233764, -0.938705991, 0.573683678
-0.047146349334289885, 0.9133183431625367, -0.938705991, 0.573683678
-0.05341864626506046, 0.9138819575309753, -1.03896407, 0.803095278
-0.08317355513891851, 0.91444256067276, -1.107032, 1.08739366
-0.056403587434217355, 0.9149879789352416, -1.15995266, 0.787118467
-0.05123993415159129, 0.9155276608467103, -1.15995266, 0.787118467
-0.05123993415159129, 0.9160808110237122, -1.15995266, 0.787118467
-0.05123993415159129, 0.9166444969177248, -1.22186927, 0.56829031
-0.0905892846441543, 0.9172377943992615, -0.31987848, 1.5202644
-0.12668842450828355, 0.9178304767608643, -0.194569375, 2.04854976
-0.12485539972251215, 0.918376317024231, -0.284790025, 2.1832773
-0.12385231809775797, 0.9189790558815003, -0.284790025, 2.1832773
-0.12385231809775797, 0.91952388048172, -0.284790025, 2.1832773
-0.1226037262625526, 0.9200537848472596, -0.438241432, 2.87049436
-0.12618457663303506, 0.9205761003494264, 0.189848256, 2.67258577
-0.15058296094318582, 0.9211494565010071, 0.575758066, 2.41363382
-0.15512524881055592, 0.921712477207184, 0.575758066, 2.41363382
-0.15512524881055592, 0.9222797822952271, 0.575758066, 2.41363382
-0.15812564932715528, 0.9228046226501465, 0.85703, 2.43128003
-0.14664458395938312, 0.9233724141120911, 0.116861002, 3.45759268
-0.11940469160620873, 0.923960554599762, -0.701535832, 3.07680894
-0.10995166338372639, 0.9245191121101379, -0.912609473, 2.70766962
-0.10706071778973283, 0.9250599598884582, -0.912609473, 2.70766962
-0.10706071778973283, 0.9256369638442994, -0.912609473, 2.70766962
-0.11040084449163243, 0.9262184667587281, -0.576004121, 2.10753072
-0.10574582716476624, 0.9267675399780273, -0.667836992, 1.87819381
-0.104244557575629, 0.9273201394081116, -0.749295612, 1.95520332
-0.10354738652716744, 0.9278607296943665, -0.749295612, 1.95520332
-0.10354738652716744, 0.9283860778808594, -0.749295612, 1.95520332
-0.09816420379228899, 0.9289240217208862, -1.03026036, 2.07985642
-0.08308404819047426, 0.9294824075698853, -2.02850716, 2.52835731
-0.08908984322528773, 0.9300458788871765, -1.49700371, 2.72458008
-0.09182051621977141, 0.9306129693984986, -1.49700371, 2.72458008
-0.09182051621977141, 0.9311702466011047, -1.49700371, 2.72458008
-0.09182051621977141, 0.9317244052886963, -1.49700371, 2.72458008
-0.10910570480720383, 0.9322927331924438, -0.247859443, 2.42776353
-0.12235315843317032, 0.9328401470184327, -0.414021549, 2.41396404
-0.10915128093762998, 0.9334063291549682, -0.74492068, 2.23101938
-0.10730433142788941, 0.9339791488647462, -0.74492068, 2.23101938
-0.10730433142788941, 0.9345575332641601, -0.74492068, 2.23101938
-0.12026499589358036, 0.9351456236839295, -0.195697008, 2.03123377
-0.13434758421026316, 0.9357042169570923, 0.0770458734, 2.10201556
-0.15637344943071102, 0.9362827157974243, 0.613643741, 2.13994968
-0.15900085518432003, 0.9368372821807862, 0.613643741, 2.13994968
-0.15900085518432003, 0.9373887085914612, 0.613643741, 2.13994968
-0.15900085518432003, 0.937932231426239, 0.63896744, 2.11023616
-0.15777786216372885, 0.9385026621818543, 0.59503968, 2.32513053
-0.1740539340369524, 0.9390658903121949, 0.81899656, 1.57897886
-0.17720443595595867, 0.9396149635314941, 0.765030413, 1.40919644
-0.17774525075069939, 0.9401556539535523, 0.765030413, 1.40919644
-0.17774525075069939, 0.9407070374488831, 0.765030413, 1.40919644
-0.15956312769577663, 0.9413168501853943, 0.15823944, 0.869466374
-0.1350234847970589, 0.9418558669090272, -0.391786692, 1.39976505
-0.10351360725396364, 0.9423936319351197, -0.620707133, 1.41615412
-0.09949789603084214, 0.9429422903060913, -0.620707133, 1.41615412
-0.09949789603084214, 0.9434853053092956, -0.620707133, 1.41615412
-0.09774006553542942, 0.9440892028808594, -0.779945943, 1.51867125
-0.13003873223019666, 0.9446213817596435, 0.27522347, 1.81328058
-0.15760789844305284, 0.945169939994812, 0.684318363, 1.81220883
-0.16603097964830166, 0.9457040357589722, 0.684318363, 1.81220883
-0.16603097964830166, 0.9462617707252503, 0.684318363, 1.81220883
-0.16603097964830166, 0.946834547519684, 0.684318363, 1.81220883
-0.06715896129199153, 0.9477929544448853, -0.696716646, 0.676031413
-0.06839212226999565, 0.9483372926712036, -0.433197205, 0.453691659
-0.07046281256608186, 0.9488984751701356, -0.249894535, 0.267746715
-0.07046281256608186, 0.9494471693038941, -0.249894535, 0.267746715
-0.07046281256608186, 0.9500014853477479, -0.249894535, 0.267746715