
-0.03339181712093243, 0.40014240026473996, -10.0184397, -3.90769251
-0.0282875140734822, 0.40070414066314697, -10.0188334, -3.18458634
-0.026450068102356766, 0.40124641180038456, -10.0188334, -3.18458634
-0.026450068102356766, 0.40181762933731086, -10.0188334, -3.18458634
-0.026450068102356766, 0.4023731541633606, -10.0184884, -2.51408857
-0.011059653408706169, 0.40292470932006835, -10.017215, -0.703293566
-0.003809608382077812, 0.4034865427017212, -10.0192854, 0.209682287
0.0, 0.4040277981758118, -10.0192854, 0.209682287
0.0, 0.4043807411193848, -10.0192854, 0.209682287
0.0, 0.40474250316619875, -10.0192854, 0.209682287
0.0, 0.40508653402328487, -10.0192854, 0.209682287
0.0, 0.4054286479949951, -10.0192854, 0.209682287
0.0, 0.40576552629470825, -10.0192854, 0.209682287
0.0, 0.4061181044578553, -10.0180121, 0.737517665
-0.020094067341517544, 0.4064883065223694, -9.6767537, -3.20631678
-0.027498317933602634, 0.4070510268211365, -9.6767537, -3.20631678
-0.027498317933602634, 0.4076000785827637, -9.6767537, -3.20631678
-0.027498317933602634, 0.40815249204635623, -9.6767537, -3.20631678
-0.030179848533969614, 0.4086966586112976, -9.82007309, -3.77227557
-0.061763636770318354, 0.40924849987030026, -6.70894753, -5.85115004
-0.060276706469503775, 0.4097754502296448, -5.58399654, -4.64089629
-0.05959529025939602, 0.4103198385238648, -5.58399654, -4.64089629
-0.05959529025939602, 0.4108703851699829, -5.58399654, -4.64089629
-0.05959529025939602, 0.41144374847412113, -5.58399654, -4.64089629
-0.10687935025776302, 0.4120050597190857, -0.00725208168, -2.22912499
-0.1485555608570064, 0.4125623440742493, 0.70170535, -2.8897395
-0.15754760229982998, 0.4131047940254212, 0.806611033, -3.00365773
-0.15754760229982998, 0.4136932778358459, 0.806611033, -3.00365773
-0.15754760229982998, 0.4142268443107605, 0.806611033, -3.00365773
-0.15548490027651793, 0.4147759962081909, 0.256645659, 1.3319494
-0.059753019666550604, 0.4153420853614807, -6.14230436, 1.00582487
-0.004474254077932528, 0.4159082245826721, -6.72436922, -0.350389355
-0.004474254077932528, 0.41646279096603395, -6.72436922, -0.350389355
-0.004474254077932528, 0.4170253109931946, -6.72436922, -0.350389355
-0.018003282983770134, 0.41763216257095337, -6.68907393, -1.98290079
-0.07082559157695745, 0.41823126792907717, -2.78578915, -5.70428566
-0.09794170008747961, 0.4188164258003235, -2.71259363, -6.08012777
-0.0989345935679618, 0.41936846017837526, -2.71259363, -6.08012777
-0.0989345935679618, 0.41991386413574217, -2.71259363, -6.08012777
-0.0989345935679618, 0.42048708438873295, -2.71259363, -6.08012777
-0.10331900463413773, 0.42105501174926757, -2.07126777, -5.49797108
-0.10227923340028802, 0.4215948152542114, -2.07102962, -5.02488368
-0.09632214068821568, 0.42215162754058844, -2.18577066, -4.524458
-0.09632214068821568, 0.4227020883560181, -2.18577066, -4.524458
-0.09632214068821568, 0.42328389883041384, -2.18577066, -4.524458
-0.09646735898968835, 0.4238361048698425, -1.96100298, -4.08560284
-0.05894511220767089, 0.42439105033874513, -5.69616656, -1.72197915
-0.017929453251123592, 0.4249551010131836, -7.04398959, -1.18119777
-0.014278936148353709, 0.4254933309555054, -7.04398959, -1.18119777
-0.014278936148353709, 0.426039686203003, -7.04398959, -1.18119777
-0.014278936148353709, 0.4265948462486267, -7.04398959, -1.18119777
-0.017514838137593455, 0.4271456789970398, -5.81376543, -1.57273954
-0.027279543768060834, 0.42767953157424926, -5.02454662, -1.80012413
-0.03905551224984492, 0.4282389974594117, -4.59392267, -2.2442801
-0.03905551224984492, 0.428772578239441, -4.59392267, -2.2442801
-0.03905551224984492, 0.4293042492866516, -4.59392267, -2.2442801
-0.0445329089940995, 0.42985028266906744, -4.47626555, -2.7446073
-0.04715570639840766, 0.4304112720489502, -9.57805149, -5.89502223
-0.04773790781408788, 0.4309781551361084, -9.32670801, -5.81267135
-0.04789851240316295, 0.4315324997901917, -9.32670801, -5.81267135
-0.04789851240316295, 0.4320464396476746, -9.32670801, -5.81267135
-0.04789851240316295, 0.4326140666007996, -9.32670801, -5.81267135
-0.05307164740442094, 0.4331682896614075, -4.64616073, -3.51595955
-0.05885357962798571, 0.43369555473327637, -4.33987693, -3.67987922
-0.06513864169109411, 0.4342364096641541, -4.11690756, -3.89667377
-0.06513864169109411, 0.4347938942909241, -4.11690756, -3.89667377
-0.06513864169109411, 0.43536593437194826, -4.11690756, -3.89667377
-0.06734872404441784, 0.4359592318534851, -3.84026163, -3.92645681
-0.08804195539240106, 0.43651619434356687, -1.44370612, -5.06571442
-0.11929930170599862, 0.43707232713699345, -0.675003318, -4.96174898
-0.12337944006110876, 0.43760721683502196, -0.675003318, -4.96174898
-0.12337944006110876, 0.4381480717658997, -0.675003318, -4.96174898
-0.12337944006110876, 0.43871258735656743, -0.675003318, -4.96174898
-0.1018254669668664, 0.43927206754684456, -3.41898389, -5.78278983
-0.08004762792430595, 0.4398320984840393, -4.94565976, -5.96642389
-0.06311566751714921, 0.44037307500839235, -6.01186956, -5.42778021
-0.06311566751714921, 0.4409467101097107, -6.01186956, -5.42778021
-0.06311566751714921, 0.44150670528411873, -6.01186956, -5.42778021
-0.05523400468032546, 0.4420923137664795, -6.70118581, -4.55334308
-0.025170952069595347, 0.44298269987106326, -4.52469317, -1.678582
-0.03053095891385429, 0.44354780912399294, -4.52469317, -1.678582
-0.03053095891385429, 0.44412434101104736, -4.52469317, -1.678582
-0.03053095891385429, 0.4446888422966004, -4.52469317, -1.678582
-0.03663139821841849, 0.4452705526351929, -3.36640077, -6.62865471
-0.0984272318098994, 0.4458214998245239, -3.091242, -7.24354319
-0.10219753994688827, 0.44640100717544556, -3.11191264, -7.75351613
-0.10219753994688827, 0.446944329738617, -3.11191264, -7.75351613
-0.10219753994688827, 0.44748855352401734, -3.11191264, -7.75351613
-0.10191335551209565, 0.448030595779419, -3.3643643, -8.26370342
-0.11804262660041864, 0.44861179828643805, -0.602897274, -9.9940509
-0.13114428501688374, 0.44917878150939944, -0.371647685, -9.99435794
-0.13180559213819631, 0.4497287201881409, -0.371647685, -9.99435794
-0.13180559213819631, 0.4502779722213745, -0.371647685, -9.99435794
-0.13180559213819631, 0.4508218097686768, -0.371647685, -9.99435794
-0.1313001378672825, 0.45136862277984624, -0.419763753, -9.12075504
-0.12217035976872839, 0.4519183969497681, -1.25455447, -8.48130323
-0.12237873292789102, 0.452452507019043, -1.25455447, -8.48130323
-0.12237873292789102, 0.4530032968521119, -1.25455447, -8.48130323
-0.12237873292789102, 0.4535583424568177, -1.25455447, -8.48130323
-0.12403321105456716, 0.4541273069381714, -0.953393458, -8.04351404
-0.1442791729628961, 0.45469323873519907, 1.77486031, -5.72205352
-0.1632159678792871, 0.4552428984642029, 1.90127084, -5.33951444
-0.1643993610834988, 0.45581346511840826, 1.90127084, -5.33951444
-0.1643993610834988, 0.45639200687408454, 1.90127084, -5.33951444
-0.1643993610834988, 0.4569242858886719, 1.90127084, -5.33951444
-0.15324167762033364, 0.4574690389633179, -0.156675442, -6.70435495
-0.13884442733301117, 0.4579867553710938, 0.495373621, -6.27501808
-0.15051236918499664, 0.4585442757606507, 1.06546731, -5.83879885
-0.15051236918499664, 0.45911061525344854, 1.06546731, -5.83879885
-0.15051236918499664, 0.4596758103370667, 1.06546731, -5.83879885
-0.15200899844403867, 0.4602490305900574, 1.21445778, -5.79397657
-0.13603964747034894, 0.460775272846222, -1.06632529, -9.8672601
-0.1248859725318057, 0.46134287118911743, -1.17077846, -9.4939844
-0.12445484442696497, 0.4618882250785828, -1.17077846, -9.4939844
-0.12445484442696497, 0.4624901556968689, -1.17077846, -9.4939844
-0.12445484442696497, 0.4630371761322022, -1.17077846, -9.4939844
-0.11397028705859058, 0.4635775876045227, -2.27902927, -7.76038112
-0.11704274345100926, 0.4641328835487366, -0.247674737, -7.85220973
-0.13229005955646245, 0.4646995949745179, -0.247674737, -7.85220973
-0.13229005955646245, 0.4652494263648987, -0.247674737, -7.85220973
-0.13229005955646245, 0.46578975915908816, -0.247674737, -7.85220973
-0.13945113214807048, 0.4663314008712769, 0.728322438, -7.77078577
-0.1770863789619923, 0.4669196128845215, 4.52492689, -6.35468669
-0.19428728684453309, 0.4674708819389344, 5.66078426, -6.38471304
-0.19734103083607127, 0.46802196502685545, 5.66078426, -6.38471304
-0.19734103083607127, 0.4686018085479737, 5.66078426, -6.38471304
-0.19734103083607127, 0.4691758155822754, 6.922814, -6.43606431
-0.19774605124724148, 0.47032186985015867, 8.79755733, -9.99514582
-0.19703052819214506, 0.47087372541427613, 8.79755733, -9.99514582
-0.19703052819214506, 0.47141200542449957, 8.79755733, -9.99514582
-0.19703052819214506, 0.471993465423584, 8.79755733, -9.99514582
-0.1970292947150039, 0.472544584274292, 7.41861885, -7.67247453
-0.19955772453393864, 0.4731063961982727, 6.51232614, -7.09710751
-0.19779581119934284, 0.4736413216590882, 6.06217365, -6.84577368
-0.19728903091090505, 0.4741927981376648, 6.06217365, -6.84577368
-0.19728903091090505, 0.4747527933120728, 6.06217365, -6.84577368
-0.19507875557163573, 0.4753283524513245, 5.83689575, -7.12729608
-0.19865036670539854, 0.475901894569397, 5.40333139, -5.59678055
-0.19287794815713485, 0.4787143874168397, 4.88315236, -7.44332879
-0.17867639586580672, 0.4792500138282776, 4.11129438, -8.05389552
-0.1671816459196843, 0.4797899460792542, 3.39929536, -8.64978218
-0.1671816459196843, 0.4803510856628418, 3.39929536, -8.64978218
-0.1671816459196843, 0.48089481592178346, 3.39929536, -8.64978218
-0.16373874220995666, 0.4814304637908936, 2.96255243, -9.11156117
-0.17500205383198603, 0.4820013165473938, 3.79675781, -5.94535388
-0.18494627361447344, 0.4825608110427857, 3.51283605, -5.2742652
-0.18549740296734024, 0.48310002088546755, 3.51283605, -5.2742652
-0.18549740296734024, 0.48365206241607667, 3.51283605, -5.2742652
-0.18549740296734024, 0.484189054965973, 3.51283605, -5.2742652
-0.18706848492412442, 0.4847220778465271, 4.97860301, -3.26655487
-0.18937773537311492, 0.48800134658813477, 4.22328449, 8.00237046
-0.1796356740866355, 0.488565719127655, 3.79898376, 6.36959849
-0.1812193203345408, 0.4890978693962097, 3.79898376, 6.36959849
-0.1812193203345408, 0.48966032505035406, 3.79898376, 6.36959849
-0.1812193203345408, 0.49021980524063113, 3.79898376, 6.36959849
-0.18883325014511831, 0.4907838916778565, 7.50703182, -3.63434437
-0.1812443987811324, 0.5091676378250123, 4.08830046, -9.28890377
-0.12993397788681815, 0.509731080532074, -0.55577324, -4.42830763
-0.12426977313347241, 0.5102982497215272, -0.55577324, -4.42830763
-0.12426977313347241, 0.5108509707450868, -0.55577324, -4.42830763
-0.12426977313347241, 0.511424527168274, -0.55577324, -4.42830763
-0.11760946102458977, 0.5119464349746704, -1.00118192, -4.0718497
-0.16412418010427596, 0.512502853870392, 1.21874453, 3.02809361
-0.1782074219935963, 0.5130531287193298, 1.46908673, 2.32876289
-0.18336831527858183, 0.5136144542694092, 1.46908673, 2.32876289
-0.18336831527858183, 0.5141857147216797, 1.46908673, 2.32876289
-0.18336831527858183, 0.5147440719604492, 1.46908673, 2.32876289
-0.1144126390499989, 0.515306806564331, -7.09529937, -9.99493147
-0.08766609779785864, 0.5158468103408814, -5.68886639, -9.99445643
-0.09052706050250593, 0.5164447927474975, -5.68886639, -9.99445643
-0.09052706050250593, 0.5169919776916505, -5.68886639, -9.99445643
-0.09052706050250593, 0.5175337052345277, -5.68886639, -9.99445643
-0.10285707307014164, 0.5180837726593018, -3.11665137, -9.99497782
-0.006241807813576144, 0.5246247792243958, -8.61327049, -1.74404559
-0.01545258576373952, 0.5251802182197571, -10.018464, -1.71775008
-0.014593860472215427, 0.5257180333137512, -10.018464, -1.71775008
-0.014593860472215427, 0.5262834358215333, -10.018464, -1.71775008
-0.014593860472215427, 0.5268481731414795, -10.018464, -1.71775008
-0.022380397152554878, 0.5274357056617738, -6.15706984, 1.67406328
-0.020733419677652534, 0.5280097913742066, -5.64258215, 1.31598903
-0.019692171755291057, 0.5285598587989807, -5.64258215, 1.31598903
-0.019692171755291057, 0.5291071724891663, -5.64258215, 1.31598903
-0.019692171755291057, 0.5296630191802979, -5.64258215, 1.31598903
-0.014821019228906308, 0.5302359819412231, -3.14408761, 0.818678243
-0.06145027037547284, 0.5308042883872985, -1.70158663, -1.9860639
-0.10834471813897927, 0.5313490200042725, -0.255659082, -2.29337779
-0.12545864365308712, 0.531869239807129, -0.255659082, -2.29337779
-0.12545864365308712, 0.5324326467514038, -0.255659082, -2.29337779
-0.12545864365308712, 0.5329972124099732, -0.255659082, -2.29337779
-0.19647382745864472, 0.5335642170906068, 9.98652279, -9.99438691
-0.19459474632083562, 0.5369391512870789, 7.93365584, 9.99428263
-0.19617404681105002, 0.5374820518493653, 8.62189782, 9.99466499
-0.19617404681105002, 0.5380184149742127, 8.62189782, 9.99466499
-0.19617404681105002, 0.5385803556442261, 8.62189782, 9.99466499
-0.19617404681105002, 0.539165484905243, 4.78706983, 8.71780638
-0.14027874617769978, 0.539740858078003, -0.877089888, 5.4714786
-0.07898633945856481, 0.5402965044975281, -3.05231617, 2.43139589
-0.057809876931112725, 0.5408268809318543, -3.05231617, 2.43139589
-0.057809876931112725, 0.5413981914520264, -3.05231617, 2.43139589
-0.057809876931112725, 0.5419695520401001, -3.05231617, 2.43139589
0.0, 0.5425262355804443, -4.29553183, 0.268223964
-0.18139975561849403, 0.5456144738197327, 1.943244, 2.82443812
-0.089861617129183, 0.55173415184021, -2.03186563, 0.686375653
-0.019018524180315566, 0.5523171281814576, -2.70727169, 0.462076516
-0.014528842751922072, 0.5528531408309937, -2.70727169, 0.462076516
-0.014528842751922072, 0.553410189151764, -2.70727169, 0.462076516
-0.014528842751922072, 0.5539747190475464, -2.70727169, 0.462076516
0.0, 0.5546201229095459, -3.39114434, 0.0730838473
0.0, 0.554961428642273, -5.5843416, 0.0608692451
0.0, 0.5553146219253541, -5.82096826, 0.497650043
-0.013129122434968792, 0.5556625652313233, -6.08731537, 0.937226355
-0.013129122434968792, 0.5562050724029541, -6.08731537, 0.937226355
-0.013129122434968792, 0.5567674207687379, -6.08731537, 0.937226355
-0.013129122434968792, 0.5573171949386597, -8.60464832, 2.92294054
-0.01799495486366102, 0.5579171371459961, -10.0180121, 1.51755316
-0.004306908681894626, 0.5584312844276429, -10.0183571, 0.271363145
0.0, 0.5588679337501526, -10.0183571, 0.271363145
0.0, 0.5592130589485169, -10.0183571, 0.271363145
0.0, 0.5595684909820557, -10.0183571, 0.271363145
0.0, 0.5599263548851013, -10.0183571, 0.271363145
0.0, 0.5602956628799439, -10.0183571, 0.271363145
0.0, 0.5606590342521668, -9.39746376, 0.197692584
-0.06549484398943807, 0.5610257244110108, -2.05507337, 2.07178065
-0.0651038061491418, 0.5616024136543274, -1.92670896, 1.76475062
-0.06373174170569322, 0.5621446418762208, -1.92670896, 1.76475062
-0.06373174170569322, 0.5626930928230286, -1.92670896, 1.76475062
-0.06373174170569322, 0.5632303929328919, -1.92670896, 1.76475062
-0.05143494439074581, 0.5637998294830322, -5.88228047, 3.27576611
-0.04042157424962349, 0.5643442249298096, -5.73028067, 2.77816753
-0.038797709148072915, 0.564889600276947, -5.73028067, 2.77816753
-0.038797709148072915, 0.5654319000244141, -5.73028067, 2.77816753
-0.038797709148072915, 0.5659629416465759, -5.73028067, 2.77816753
-0.03313234741856134, 0.5665114068984985, -5.90628525, 2.17306383
-0.09532581172873, 0.5674132227897644, -4.04191373, 9.99414359
-0.10197030333501295, 0.567948706150055, -4.04191373, 9.99414359
-0.10197030333501295, 0.5684967494010926, -4.04191373, 9.99414359
-0.10197030333501295, 0.5690803837776184, -4.04191373, 9.99414359
-0.07892095041177705, 0.5696365451812745, -10.0187265, 9.99457229
-0.06739729298504811, 0.5701870346069337, -10.0182502, 9.99471133
-0.06739891471472889, 0.5707626867294312, -10.0182502, 9.99471133
-0.06739891471472889, 0.5713302636146546, -10.0182502, 9.99471133
-0.06739891471472889, 0.571920578479767, -10.0182502, 9.99471133
-0.0673962575150023, 0.5724747657775879, -10.0187265, 9.99425946
-0.03143254013901678, 0.573038866519928, -10.0187509, 1.5810007
-0.0007360290603052705, 0.5736144471168518, -10.0196061, -0.0858108762
-0.0007360290603052705, 0.5741994047164918, -10.0196061, -0.0858108762
-0.0007360290603052705, 0.5747727680206299, -10.0196061, -0.0858108762
-0.0007360290603052705, 0.575324730873108, -10.0190716, -1.47934096
-0.00419958916439532, 0.5758879375457764, -10.0187022, 0.0675602736
0.0, 0.5763308525085449, -10.0187022, 0.0675602736
-0.014992566086688384, 0.5766794109344483, -9.85968905, 1.73764986
-0.014992566086688384, 0.5772612929344177, -9.85968905, 1.73764986
-0.014992566086688384, 0.5778379535675049, -9.85968905, 1.73764986
-0.014992566086688384, 0.5784015250205994, -8.73645379, 2.83462842
-0.08785372506501705, 0.5789533090591431, -0.265228439, 1.34760273
-0.17113175046733137, 0.5794822621345521, 0.662906391, 0.744057819
-0.19754839380618627, 0.5800513768196106, 0.662906391, 0.744057819
-0.19754839380618627, 0.5806179022789002, 0.662906391, 0.744057819
-0.19754839380618627, 0.5811755585670472, 0.662906391, 0.744057819
-0.05762627850042965, 0.4000529718399048, -1.65525373, -1.3127622
-0.05762627850042965, 0.40062941074371344, -1.65525373, -1.3127622
-0.05762627850042965, 0.4011914229393006, -1.65525373, -1.3127622
-0.05762627850042965, 0.4017702651023865, -1.65525373, -1.3127622
-0.05762627850042965, 0.4023258686065674, -1.65525373, -1.3127622
-0.05762627850042965, 0.4029124999046326, -1.65525373, -1.3127622
-0.05762627850042965, 0.40347956895828246, -1.65525373, -1.3127622
-0.05762627850042965, 0.40407250165939335, -1.65525373, -1.3127622
-0.05762627850042965, 0.4046391201019287, -1.65525373, -1.3127622
-0.05762627850042965, 0.40522925615310673, -1.65525373, -1.3127622
-0.05762627850042965, 0.4057885003089905, -1.65525373, -1.3127622
-0.05762627850042965, 0.40637405157089235, -1.65525373, -1.3127622
-0.05762627850042965, 0.4069244408607483, -1.65525373, -1.3127622
-0.05762627850042965, 0.4075201487541199, -1.65525373, -1.3127622
-0.05762627850042965, 0.40808582305908203, -1.65525373, -1.3127622
-0.05762627850042965, 0.40866505146026616, -1.65525373, -1.3127622
-0.05762627850042965, 0.4092361259460449, -1.65525373, -1.3127622
-0.05762627850042965, 0.4098364686965943, -1.65525373, -1.3127622
-0.05762627850042965, 0.4104181790351868, -1.65525373, -1.3127622
-0.05762627850042965, 0.41099401712417605, -1.65525373, -1.3127622
-0.05762627850042965, 0.41155429124832155, -1.65525373, -1.3127622
-0.05762627850042965, 0.4121075558662414, -1.65525373, -1.3127622
-0.05762627850042965, 0.41267075538635256, -1.65525373, -1.3127622
-0.05762627850042965, 0.4132621932029724, -1.65525373, -1.3127622
-0.05762627850042965, 0.41382188081741333, -1.65525373, -1.3127622
-0.05762627850042965, 0.4143829560279847, -1.65525373, -1.3127622
-0.05762627850042965, 0.41493289470672606, -1.65525373, -1.3127622
-0.05762627850042965, 0.4154949069023132, -1.65525373, -1.3127622
-0.05762627850042965, 0.41604410171508793, -1.65525373, -1.3127622
-0.05762627850042965, 0.4166257762908936, -1.65525373, -1.3127622
-0.05762627850042965, 0.4172054553031922, -1.65525373, -1.3127622
-0.05762627850042965, 0.41776192426681524, -1.65525373, -1.3127622
-0.05762627850042965, 0.4183300948143006, -1.65525373, -1.3127622
-0.05762627850042965, 0.4188916420936585, -1.65525373, -1.3127622
-0.05762627850042965, 0.41946509122848513, -1.65525373, -1.3127622
-0.05762627850042965, 0.42002583026885987, -1.65525373, -1.3127622
-0.05762627850042965, 0.42059056043624876, -1.65525373, -1.3127622
-0.05762627850042965, 0.42116312980651854, -1.65525373, -1.3127622
-0.05762627850042965, 0.4217320799827576, -1.65525373, -1.3127622
-0.05762627850042965, 0.4223211789131165, -1.65525373, -1.3127622
-0.05762627850042965, 0.422887532711029, -1.65525373, -1.3127622
-0.05762627850042965, 0.42344363689422615, -1.65525373, -1.3127622
-0.05762627850042965, 0.4240194034576416, -1.65525373, -1.3127622
-0.05762627850042965, 0.42459443330764773, -1.65525373, -1.3127622
-0.05762627850042965, 0.42517210960388185, -1.65525373, -1.3127622
-0.05762627850042965, 0.4257430911064148, -1.65525373, -1.3127622
-0.05762627850042965, 0.4262976431846619, -1.65525373, -1.3127622
-0.05762627850042965, 0.4268795967102051, -1.65525373, -1.3127622
-0.05762627850042965, 0.427444441318512, -1.65525373, -1.3127622
-0.05762627850042965, 0.4279970264434815, -1.65525373, -1.3127622
-0.05762627850042965, 0.4285700249671936, -1.65525373, -1.3127622
-0.05762627850042965, 0.429131543636322, -1.65525373, -1.3127622
-0.05762627850042965, 0.4297026038169861, -1.65525373, -1.3127622
-0.05762627850042965, 0.4302746367454529, -1.65525373, -1.3127622
-0.05762627850042965, 0.4308384513854981, -1.65525373, -1.3127622
-0.05762627850042965, 0.43141333103179935, -1.65525373, -1.3127622
-0.05762627850042965, 0.4319949698448181, -1.65525373, -1.3127622
-0.05762627850042965, 0.4325637483596802, -1.65525373, -1.3127622
-0.05762627850042965, 0.43313079595565795, -1.65525373, -1.3127622
-0.05762627850042965, 0.43366828203201296, -1.65525373, -1.3127622
-0.05762627850042965, 0.4342364740371704, -1.65525373, -1.3127622
-0.05762627850042965, 0.43481469392776495, -1.65525373, -1.3127622
-0.05762627850042965, 0.43537026882171637, -1.65525373, -1.3127622
-0.05762627850042965, 0.43590937852859496, -1.65525373, -1.3127622
-0.05762627850042965, 0.43644584178924567, -1.65525373, -1.3127622
-0.05762627850042965, 0.437028238773346, -1.65525373, -1.3127622
-0.05762627850042965, 0.4376235604286194, -1.65525373, -1.3127622
-0.05762627850042965, 0.43822875261306765, -1.65525373, -1.3127622
-0.05762627850042965, 0.4388050699234009, -1.65525373, -1.3127622
-0.05762627850042965, 0.43934770584106453, -1.65525373, -1.3127622
-0.05762627850042965, 0.4399243092536927, -1.65525373, -1.3127622
-0.05762627850042965, 0.44050101995468144, -1.65525373, -1.3127622
-0.05762627850042965, 0.4410753774642945, -1.65525373, -1.3127622
-0.05762627850042965, 0.44161816358566286, -1.65525373, -1.3127622
-0.05762627850042965, 0.4421640610694886, -1.65525373, -1.3127622
-0.05762627850042965, 0.4427383470535279, -1.65525373, -1.3127622
-0.05762627850042965, 0.4433416724205017, -1.65525373, -1.3127622
-0.05762627850042965, 0.4438912177085877, -1.65525373, -1.3127622
-0.05762627850042965, 0.4444474220275879, -1.65525373, -1.3127622
-0.05762627850042965, 0.44500610828399656, -1.65525373, -1.3127622
-0.05762627850042965, 0.44558123111724857, -1.65525373, -1.3127622
-0.05762627850042965, 0.44617648839950563, -1.65525373, -1.3127622
-0.05762627850042965, 0.44670265913009644, -1.65525373, -1.3127622
-0.05762627850042965, 0.44726791858673104, -1.65525373, -1.3127622
-0.05762627850042965, 0.4478197526931763, -1.65525373, -1.3127622
-0.05762627850042965, 0.4484225487709046, -1.65525373, -1.3127622
-0.05762627850042965, 0.44899297237396246, -1.65525373, -1.3127622
-0.05762627850042965, 0.44959403753280647, -1.65525373, -1.3127622
-0.05762627850042965, 0.45016127824783325, -1.65525373, -1.3127622
-0.05762627850042965, 0.4507848310470582, -1.65525373, -1.3127622
-0.05762627850042965, 0.4513559341430664, -1.65525373, -1.3127622
-0.05762627850042965, 0.451964795589447, -1.65525373, -1.3127622
-0.05762627850042965, 0.45252346038818364, -1.65525373, -1.3127622
-0.05762627850042965, 0.4531007862091065, -1.65525373, -1.3127622
-0.05762627850042965, 0.4536773538589478, -1.65525373, -1.3127622
-0.05762627850042965, 0.45425093173980713, -1.65525373, -1.3127622
-0.05762627850042965, 0.45484877824783326, -1.65525373, -1.3127622
-0.05762627850042965, 0.4554054403305054, -1.65525373, -1.3127622
-0.05762627850042965, 0.4559940385818482, -1.65525373, -1.3127622
-0.05762627850042965, 0.4565352368354798, -1.65525373, -1.3127622
-0.05762627850042965, 0.4570808839797974, -1.65525373, -1.3127622
-0.05762627850042965, 0.4576151657104493, -1.65525373, -1.3127622
-0.05762627850042965, 0.45817616224288943, -1.65525373, -1.3127622
-0.05762627850042965, 0.458728404045105, -1.65525373, -1.3127622
-0.05762627850042965, 0.4592930269241333, -1.65525373, -1.3127622
-0.05762627850042965, 0.45983797311782837, -1.65525373, -1.3127622
-0.05762627850042965, 0.4604085397720337, -1.65525373, -1.3127622
-0.05762627850042965, 0.4610137104988098, -1.65525373, -1.3127622
-0.05762627850042965, 0.4615402746200562, -1.65525373, -1.3127622
-0.05762627850042965, 0.46211629867553716, -1.65525373, -1.3127622
-0.05762627850042965, 0.4626680397987366, -1.65525373, -1.3127622
-0.05762627850042965, 0.46323899984359745, -1.65525373, -1.3127622
-0.05762627850042965, 0.4638003969192505, -1.65525373, -1.3127622
-0.05762627850042965, 0.4643430256843567, -1.65525373, -1.3127622
-0.05762627850042965, 0.46489091873168953, -1.65525373, -1.3127622
-0.05762627850042965, 0.4654231548309326, -1.65525373, -1.3127622
-0.05762627850042965, 0.4660052156448365, -1.65525373, -1.3127622
-0.05762627850042965, 0.46656094789505004, -1.65525373, -1.3127622
-0.05762627850042965, 0.4671207070350647, -1.65525373, -1.3127622
-0.05762627850042965, 0.46768673896789553, -1.65525373, -1.3127622
-0.05762627850042965, 0.4682126092910767, -1.65525373, -1.3127622
-0.05762627850042965, 0.4687665104866028, -1.65525373, -1.3127622
-0.05762627850042965, 0.46931843042373667, -1.65525373, -1.3127622
-0.05762627850042965, 0.4698669743537903, -1.65525373, -1.3127622
-0.05762627850042965, 0.4704277133941651, -1.65525373, -1.3127622
-0.05762627850042965, 0.47096497058868414, -1.65525373, -1.3127622
-0.05762627850042965, 0.4714993810653687, -1.65525373, -1.3127622
-0.05762627850042965, 0.4720737171173096, -1.65525373, -1.3127622
-0.05762627850042965, 0.4726189208030701, -1.65525373, -1.3127622
-0.05762627850042965, 0.4731583380699158, -1.65525373, -1.3127622
-0.05762627850042965, 0.47375710010528566, -1.65525373, -1.3127622
-0.05762627850042965, 0.47431874752044684, -1.65525373, -1.3127622
-0.05762627850042965, 0.47486970186233524, -1.65525373, -1.3127622
-0.05762627850042965, 0.4754302978515625, -1.65525373, -1.3127622
-0.05762627850042965, 0.47599928379058837, -1.65525373, -1.3127622
-0.05762627850042965, 0.47653246402740485, -1.65525373, -1.3127622
-0.05762627850042965, 0.47708218812942504, -1.65525373, -1.3127622
-0.05762627850042965, 0.4776567602157593, -1.65525373, -1.3127622
-0.05762627850042965, 0.47821542501449593, -1.65525373, -1.3127622
-0.05762627850042965, 0.47880113363265997, -1.65525373, -1.3127622
-0.05762627850042965, 0.47937772989273075, -1.65525373, -1.3127622
-0.05762627850042965, 0.47997478961944584, -1.65525373, -1.3127622
-0.05762627850042965, 0.48054959774017336, -1.65525373, -1.3127622
-0.05762627850042965, 0.48109743356704715, -1.65525373, -1.3127622
-0.05762627850042965, 0.48166622638702394, -1.65525373, -1.3127622
-0.05762627850042965, 0.4822423434257508, -1.65525373, -1.3127622
-0.05762627850042965, 0.48280725955963144, -1.65525373, -1.3127622
-0.05762627850042965, 0.48337194681167606, -1.65525373, -1.3127622
-0.05762627850042965, 0.4839131164550782, -1.65525373, -1.3127622
-0.05762627850042965, 0.484499568939209, -1.65525373, -1.3127622
-0.05762627850042965, 0.4851055979728699, -1.65525373, -1.3127622
-0.05762627850042965, 0.48569045543670664, -1.65525373, -1.3127622
-0.05762627850042965, 0.48622601747512817, -1.65525373, -1.3127622
-0.05762627850042965, 0.4867692470550537, -1.65525373, -1.3127622
-0.05762627850042965, 0.48731030941009523, -1.65525373, -1.3127622
-0.05762627850042965, 0.4878799748420716, -1.65525373, -1.3127622
-0.05762627850042965, 0.48845383882522586, -1.65525373, -1.3127622
-0.05762627850042965, 0.4890106439590454, -1.65525373, -1.3127622
-0.05762627850042965, 0.4895748662948609, -1.65525373, -1.3127622
-0.05762627850042965, 0.4901378297805786, -1.65525373, -1.3127622
-0.05762627850042965, 0.49071070671081546, -1.65525373, -1.3127622
-0.05762627850042965, 0.4912738132476807, -1.65525373, -1.3127622
-0.05762627850042965, 0.49184142589569096, -1.65525373, -1.3127622
-0.05762627850042965, 0.49242616891860963, -1.65525373, -1.3127622
-0.05762627850042965, 0.49297796010971073, -1.65525373, -1.3127622
-0.05762627850042965, 0.4935193872451783, -1.65525373, -1.3127622
-0.05762627850042965, 0.49405163049697876, -1.65525373, -1.3127622
-0.05762627850042965, 0.49460787773132325, -1.65525373, -1.3127622
-0.05762627850042965, 0.49517406702041633, -1.65525373, -1.3127622
-0.05762627850042965, 0.4957379531860352, -1.65525373, -1.3127622
-0.05762627850042965, 0.4963031911849976, -1.65525373, -1.3127622
-0.05762627850042965, 0.49683111429214477, -1.65525373, -1.3127622
-0.05762627850042965, 0.49738296270370486, -1.65525373, -1.3127622
-0.05762627850042965, 0.4979576992988587, -1.65525373, -1.3127622
-0.05762627850042965, 0.49853689193725587, -1.65525373, -1.3127622
-0.05762627850042965, 0.4991023659706116, -1.65525373, -1.3127622
-0.05762627850042965, 0.4996543216705323, -1.65525373, -1.3127622
-0.05762627850042965, 0.5002325701713563, -1.65525373, -1.3127622
-0.05762627850042965, 0.5007930874824524, -1.65525373, -1.3127622
-0.05762627850042965, 0.5013471388816834, -1.65525373, -1.3127622
-0.05762627850042965, 0.5019378471374513, -1.65525373, -1.3127622
-0.05762627850042965, 0.5024816203117372, -1.65525373, -1.3127622
-0.05762627850042965, 0.5030305433273317, -1.65525373, -1.3127622
-0.05762627850042965, 0.5035617280006409, -1.65525373, -1.3127622
-0.05762627850042965, 0.5041105794906617, -1.65525373, -1.3127622
-0.05762627850042965, 0.5046822547912597, -1.65525373, -1.3127622
-0.05762627850042965, 0.5052164506912231, -1.65525373, -1.3127622
-0.05762627850042965, 0.5057764959335327, -1.65525373, -1.3127622
-0.05762627850042965, 0.5063241815567017, -1.65525373, -1.3127622
-0.05762627850042965, 0.5069067931175233, -1.65525373, -1.3127622
-0.05762627850042965, 0.5074985742568969, -1.65525373, -1.3127622
-0.05762627850042965, 0.508046202659607, -1.65525373, -1.3127622
-0.05762627850042965, 0.5085828590393067, -1.65525373, -1.3127622
-0.05762627850042965, 0.5091362810134888, -1.65525373, -1.3127622
-0.05762627850042965, 0.5097014474868775, -1.65525373, -1.3127622
-0.05762627850042965, 0.5102503061294555, -1.65525373, -1.3127622
-0.05762627850042965, 0.5107699179649353, -1.65525373, -1.3127622
-0.05762627850042965, 0.5113328456878662, -1.65525373, -1.3127622
-0.05762627850042965, 0.5119091844558716, -1.65525373, -1.3127622
-0.05762627850042965, 0.5124956297874451, -1.65525373, -1.3127622
-0.05762627850042965, 0.5130432868003846, -1.65525373, -1.3127622
-0.05762627850042965, 0.5135896849632264, -1.65525373, -1.3127622
-0.05762627850042965, 0.514180772304535, -1.65525373, -1.3127622
-0.05762627850042965, 0.5147775030136109, -1.65525373, -1.3127622
-0.05762627850042965, 0.5153570532798767, -1.65525373, -1.3127622
-0.05762627850042965, 0.5159230279922487, -1.65525373, -1.3127622
-0.05762627850042965, 0.5164809846878052, -1.65525373, -1.3127622
-0.05762627850042965, 0.5170636177062988, -1.65525373, -1.3127622
-0.05762627850042965, 0.5176014184951783, -1.65525373, -1.3127622
-0.05762627850042965, 0.5181424951553345, -1.65525373, -1.3127622
-0.05762627850042965, 0.5186850309371949, -1.65525373, -1.3127622
-0.05762627850042965, 0.5192180967330933, -1.65525373, -1.3127622
-0.05762627850042965, 0.5197807955741883, -1.65525373, -1.3127622
-0.05762627850042965, 0.5203433871269226, -1.65525373, -1.3127622
-0.05762627850042965, 0.5208716750144958, -1.65525373, -1.3127622
-0.05762627850042965, 0.5214379358291626, -1.65525373, -1.3127622
-0.05762627850042965, 0.5219871234893799, -1.65525373, -1.3127622
-0.05762627850042965, 0.5225235939025878, -1.65525373, -1.3127622
-0.05762627850042965, 0.5231107616424561, -1.65525373, -1.3127622
-0.05762627850042965, 0.5236463379859925, -1.65525373, -1.3127622
-0.05762627850042965, 0.5241847181320191, -1.65525373, -1.3127622
-0.05762627850042965, 0.5247577381134033, -1.65525373, -1.3127622
-0.05762627850042965, 0.525372850894928, -1.65525373, -1.3127622
-0.05762627850042965, 0.5259537816047668, -1.65525373, -1.3127622
-0.05762627850042965, 0.5264987421035767, -1.65525373, -1.3127622
-0.05762627850042965, 0.5270693945884706, -1.65525373, -1.3127622
-0.05762627850042965, 0.5276565265655517, -1.65525373, -1.3127622
-0.05762627850042965, 0.5282274079322815, -1.65525373, -1.3127622
-0.05762627850042965, 0.5288129019737244, -1.65525373, -1.3127622
-0.05762627850042965, 0.5293645358085632, -1.65525373, -1.3127622
-0.05762627850042965, 0.5299216055870056, -1.65525373, -1.3127622
-0.05762627850042965, 0.5305252742767335, -1.65525373, -1.3127622
-0.05762627850042965, 0.5310735893249512, -1.65525373, -1.3127622
-0.05762627850042965, 0.5316242718696594, -1.65525373, -1.3127622
-0.05762627850042965, 0.5321867275238038, -1.65525373, -1.3127622
-0.05762627850042965, 0.5327646613121033, -1.65525373, -1.3127622
-0.05762627850042965, 0.5333557629585266, -1.65525373, -1.3127622
-0.05762627850042965, 0.5339046359062195, -1.65525373, -1.3127622
-0.05762627850042965, 0.5344499039649964, -1.65525373, -1.3127622
-0.05762627850042965, 0.5350506615638733, -1.65525373, -1.3127622
-0.05762627850042965, 0.5356325292587281, -1.65525373, -1.3127622
-0.05762627850042965, 0.5361747431755066, -1.65525373, -1.3127622
-0.05762627850042965, 0.5367424201965332, -1.65525373, -1.3127622
-0.05762627850042965, 0.5373347735404969, -1.65525373, -1.3127622
-0.05762627850042965, 0.5378960061073303, -1.65525373, -1.3127622
-0.05762627850042965, 0.5384420108795166, -1.65525373, -1.3127622
-0.05762627850042965, 0.5390377831459046, -1.65525373, -1.3127622
-0.05762627850042965, 0.5396174049377442, -1.65525373, -1.3127622
-0.05762627850042965, 0.5402015829086304, -1.65525373, -1.3127622
-0.05762627850042965, 0.5408146643638612, -1.65525373, -1.3127622
-0.05762627850042965, 0.5413940501213074, -1.65525373, -1.3127622
-0.05762627850042965, 0.5419385170936585, -1.65525373, -1.3127622
-0.05762627850042965, 0.5425605392456055, -1.65525373, -1.3127622
-0.05762627850042965, 0.5431204128265381, -1.65525373, -1.3127622
-0.05762627850042965, 0.5436872172355652, -1.65525373, -1.3127622
-0.05762627850042965, 0.544286572933197, -1.65525373, -1.3127622
-0.05762627850042965, 0.5449253749847413, -1.65525373, -1.3127622
-0.05762627850042965, 0.5455189442634583, -1.65525373, -1.3127622
-0.05762627850042965, 0.546101176738739, -1.65525373, -1.3127622
-0.05762627850042965, 0.5466493201255799, -1.65525373, -1.3127622
-0.05762627850042965, 0.5471939945220947, -1.65525373, -1.3127622
-0.05762627850042965, 0.5477301716804505, -1.65525373, -1.3127622
-0.05762627850042965, 0.5483114671707153, -1.65525373, -1.3127622
-0.05762627850042965, 0.5489177536964417, -1.65525373, -1.3127622
-0.05762627850042965, 0.549456512928009, -1.65525373, -1.3127622
-0.05762627850042965, 0.550007610321045, -1.65525373, -1.3127622
-0.05762627850042965, 0.5505744361877442, -1.65525373, -1.3127622
-0.05762627850042965, 0.5511405110359192, -1.65525373, -1.3127622
-0.05762627850042965, 0.5516728901863098, -1.65525373, -1.3127622
-0.05762627850042965, 0.5522111773490905, -1.65525373, -1.3127622
-0.05762627850042965, 0.5527500867843628, -1.65525373, -1.3127622
-0.05762627850042965, 0.5532932233810425, -1.65525373, -1.3127622
-0.05762627850042965, 0.5538826155662537, -1.65525373, -1.3127622
-0.05762627850042965, 0.5544283270835877, -1.65525373, -1.3127622
-0.05762627850042965, 0.5549737024307252, -1.65525373, -1.3127622
-0.05762627850042965, 0.5555234479904175, -1.65525373, -1.3127622
-0.05762627850042965, 0.5560782146453858, -1.65525373, -1.3127622
-0.05762627850042965, 0.5566555762290955, -1.65525373, -1.3127622
-0.05762627850042965, 0.557250154018402, -1.65525373, -1.3127622
-0.05762627850042965, 0.55785227060318, -1.65525373, -1.3127622
-0.05762627850042965, 0.5584133458137512, -1.65525373, -1.3127622
-0.05762627850042965, 0.5589840483665467, -1.65525373, -1.3127622
-0.05762627850042965, 0.5595379066467285, -1.65525373, -1.3127622
-0.05762627850042965, 0.5600979375839235, -1.65525373, -1.3127622
-0.05762627850042965, 0.5606925082206726, -1.65525373, -1.3127622
-0.05762627850042965, 0.5612186789512634, -1.65525373, -1.3127622
-0.05762627850042965, 0.5617624592781068, -1.65525373, -1.3127622
-0.05762627850042965, 0.5623144936561585, -1.65525373, -1.3127622
-0.05762627850042965, 0.5629210734367371, -1.65525373, -1.3127622
-0.05762627850042965, 0.5635005164146424, -1.65525373, -1.3127622
-0.05762627850042965, 0.5640998792648315, -1.65525373, -1.3127622
-0.05762627850042965, 0.5646535515785217, -1.65525373, -1.3127622
-0.05762627850042965, 0.5652062726020813, -1.65525373, -1.3127622
-0.05762627850042965, 0.5657353329658509, -1.65525373, -1.3127622
-0.05762627850042965, 0.5662642288208009, -1.65525373, -1.3127622
-0.05762627850042965, 0.5668502020835877, -1.65525373, -1.3127622
-0.05762627850042965, 0.5674666881561279, -1.65525373, -1.3127622
-0.05762627850042965, 0.5680395436286927, -1.65525373, -1.3127622
-0.05762627850042965, 0.5686105251312256, -1.65525373, -1.3127622
-0.05762627850042965, 0.5691926574707031, -1.65525373, -1.3127622
-0.05762627850042965, 0.569787929058075, -1.65525373, -1.3127622
-0.05762627850042965, 0.5703552985191346, -1.65525373, -1.3127622
-0.05762627850042965, 0.5709091639518739, -1.65525373, -1.3127622
-0.05762627850042965, 0.5715165877342224, -1.65525373, -1.3127622
-0.05762627850042965, 0.5721039128303528, -1.65525373, -1.3127622
-0.05762627850042965, 0.5727023673057556, -1.65525373, -1.3127622
-0.05762627850042965, 0.573289499282837, -1.65525373, -1.3127622
-0.05762627850042965, 0.5738675403594972, -1.65525373, -1.3127622
-0.05762627850042965, 0.5744224286079407, -1.65525373, -1.3127622
-0.05762627850042965, 0.5750002837181092, -1.65525373, -1.3127622
-0.05762627850042965, 0.5755494928359985, -1.65525373, -1.3127622
-0.05762627850042965, 0.5760860347747803, -1.65525373, -1.3127622
-0.05762627850042965, 0.5766921925544739, -1.65525373, -1.3127622
-0.05762627850042965, 0.5772851824760437, -1.65525373, -1.3127622
-0.05762627850042965, 0.5778424096107483, -1.65525373, -1.3127622
-0.05762627850042965, 0.5784256434440613, -1.65525373, -1.3127622
-0.05762627850042965, 0.5790087199211121, -1.65525373, -1.3127622
-0.05762627850042965, 0.5795940423011781, -1.65525373, -1.3127622
-0.05762627850042965, 0.5801717114448548, -1.65525373, -1.3127622
-0.05762627850042965, 0.5807383584976197, -1.65525373, -1.3127622
-0.05762627850042965, 0.5813377213478088, -1.65525373, -1.3127622
-0.05762627850042965, 0.5819770383834839, -1.65525373, -1.3127622
-0.05762627850042965, 0.5825437712669373, -1.65525373, -1.3127622
-0.05762627850042965, 0.5831304025650025, -1.65525373, -1.3127622
-0.05762627850042965, 0.583702564239502, -1.65525373, -1.3127622
-0.05762627850042965, 0.5842684674263001, -1.65525373, -1.3127622
-0.05762627850042965, 0.584827790260315, -1.65525373, -1.3127622
-0.05762627850042965, 0.5853711485862731, -1.65525373, -1.3127622
-0.05762627850042965, 0.5859358143806458, -1.65525373, -1.3127622
-0.05762627850042965, 0.5865244626998901, -1.65525373, -1.3127622
-0.05762627850042965, 0.5870834708213806, -1.65525373, -1.3127622
-0.05762627850042965, 0.5876792144775391, -1.65525373, -1.3127622
-0.05762627850042965, 0.5882327365875245, -1.65525373, -1.3127622
-0.05762627850042965, 0.5887910866737366, -1.65525373, -1.3127622
-0.05762627850042965, 0.5893777036666871, -1.65525373, -1.3127622
-0.05762627850042965, 0.5899360680580139, -1.65525373, -1.3127622
-0.05762627850042965, 0.5905209112167359, -1.65525373, -1.3127622
-0.05762627850042965, 0.5910538983345032, -1.65525373, -1.3127622
-0.05762627850042965, 0.5916070628166199, -1.65525373, -1.3127622
-0.05762627850042965, 0.5921622514724731, -1.65525373, -1.3127622
-0.05762627850042965, 0.592711181640625, -1.65525373, -1.3127622
-0.05762627850042965, 0.5932510495185852, -1.65525373, -1.3127622
-0.05762627850042965, 0.5937941789627075, -1.65525373, -1.3127622
-0.05762627850042965, 0.5943804812431336, -1.65525373, -1.3127622
-0.05762627850042965, 0.5949464488029481, -1.65525373, -1.3127622
-0.05762627850042965, 0.5954894495010377, -1.65525373, -1.3127622
-0.05762627850042965, 0.5960932898521424, -1.65525373, -1.3127622
-0.05762627850042965, 0.5966885185241699, -1.65525373, -1.3127622
-0.05762627850042965, 0.5972453737258911, -1.65525373, -1.3127622
-0.05762627850042965, 0.5978513026237489, -1.65525373, -1.3127622
-0.05762627850042965, 0.5984004688262939, -1.65525373, -1.3127622
-0.05762627850042965, 0.5989793395996095, -1.65525373, -1.3127622
-0.05762627850042965, 0.5995938658714295, -1.65525373, -1.3127622
-0.05762627850042965, 0.6001595973968505, -1.65525373, -1.3127622
-0.05762627850042965, 0.6007289266586304, -1.65525373, -1.3127622
-0.05762627850042965, 0.6013003087043762, -1.65525373, -1.3127622
-0.05762627850042965, 0.6018815183639527, -1.65525373, -1.3127622
-0.05762627850042965, 0.6024519205093384, -1.65525373, -1.3127622
-0.05762627850042965, 0.6030256700515747, -1.65525373, -1.3127622
-0.05762627850042965, 0.6036196899414062, -1.65525373, -1.3127622
-0.05762627850042965, 0.6043595719337465, -1.65525373, -1.3127622
-0.05762627850042965, 0.6052256894111634, -1.65525373, -1.3127622
-0.05762627850042965, 0.6058832025527955, -1.65525373, -1.3127622
-0.05762627850042965, 0.606517584323883, -1.65525373, -1.3127622
-0.05762627850042965, 0.6071015548706055, -1.65525373, -1.3127622
-0.05762627850042965, 0.607662844657898, -1.65525373, -1.3127622
-0.05762627850042965, 0.6084517216682435, -1.65525373, -1.3127622
-0.05762627850042965, 0.6092368793487549, -1.65525373, -1.3127622
-0.05762627850042965, 0.6100092840194702, -1.65525373, -1.3127622
-0.05762627850042965, 0.6105995202064515, -1.65525373, -1.3127622
-0.05762627850042965, 0.6111537647247315, -1.65525373, -1.3127622
-0.05762627850042965, 0.6117563891410829, -1.65525373, -1.3127622
-0.05762627850042965, 0.6123056411743164, -1.65525373, -1.3127622
-0.05762627850042965, 0.6129067921638489, -1.65525373, -1.3127622
-0.05762627850042965, 0.6134670877456665, -1.65525373, -1.3127622
-0.05762627850042965, 0.6140181422233582, -1.65525373, -1.3127622
-0.05762627850042965, 0.6146146941184998, -1.65525373, -1.3127622
-0.05762627850042965, 0.6151768136024476, -1.65525373, -1.3127622
-0.05762627850042965, 0.6160680937767029, -1.65525373, -1.3127622
-0.05762627850042965, 0.6172795581817627, -1.65525373, -1.3127622
-0.05762627850042965, 0.6186170864105225, -1.65525373, -1.3127622
-0.05762627850042965, 0.6197442722320556, -1.65525373, -1.3127622
-0.05762627850042965, 0.6207630825042725, -1.65525373, -1.3127622
-0.05762627850042965, 0.6213506650924683, -1.65525373, -1.3127622
-0.05762627850042965, 0.6219726943969727, -1.65525373, -1.3127622
-0.05762627850042965, 0.6226044940948487, -1.65525373, -1.3127622
-0.05762627850042965, 0.6232574367523194, -1.65525373, -1.3127622
-0.05762627850042965, 0.6239096856117249, -1.65525373, -1.3127622
-0.05762627850042965, 0.6246181964874268, -1.65525373, -1.3127622
-0.05762627850042965, 0.6253564977645875, -1.65525373, -1.3127622
-0.05762627850042965, 0.6259426212310791, -1.65525373, -1.3127622
-0.05762627850042965, 0.6265231943130494, -1.65525373, -1.3127622
-0.05762627850042965, 0.6270777606964112, -1.65525373, -1.3127622
-0.05762627850042965, 0.6276214623451233, -1.65525373, -1.3127622
-0.05762627850042965, 0.6282384490966797, -1.65525373, -1.3127622
-0.05762627850042965, 0.62883056640625, -1.65525373, -1.3127622
-0.05762627850042965, 0.6294070982933044, -1.65525373, -1.3127622
-0.05762627850042965, 0.6299295783042907, -1.65525373, -1.3127622
-0.05762627850042965, 0.6304864048957824, -1.65525373, -1.3127622
-0.05762627850042965, 0.631073865890503, -1.65525373, -1.3127622
-0.05762627850042965, 0.6315987062454224, -1.65525373, -1.3127622
-0.05762627850042965, 0.6321662044525147, -1.65525373, -1.3127622
-0.05762627850042965, 0.6327176809310913, -1.65525373, -1.3127622
-0.05762627850042965, 0.6333154630661011, -1.65525373, -1.3127622
-0.05762627850042965, 0.6338668251037598, -1.65525373, -1.3127622
-0.05762627850042965, 0.6344187808036804, -1.65525373, -1.3127622
-0.05762627850042965, 0.6349551367759705, -1.65525373, -1.3127622
-0.05762627850042965, 0.6354743909835816, -1.65525373, -1.3127622
-0.05762627850042965, 0.6360148167610169, -1.65525373, -1.3127622
-0.05762627850042965, 0.6365647053718567, -1.65525373, -1.3127622
-0.05762627850042965, 0.6371260952949525, -1.65525373, -1.3127622
-0.05762627850042965, 0.6377114462852479, -1.65525373, -1.3127622
-0.05762627850042965, 0.6382567930221559, -1.65525373, -1.3127622
-0.05762627850042965, 0.6388298845291138, -1.65525373, -1.3127622
-0.05762627850042965, 0.6393824768066406, -1.65525373, -1.3127622
-0.05762627850042965, 0.6399509978294373, -1.65525373, -1.3127622
-0.05762627850042965, 0.6405095911026002, -1.65525373, -1.3127622
-0.05762627850042965, 0.6411011719703674, -1.65525373, -1.3127622
-0.05762627850042965, 0.6416452741622926, -1.65525373, -1.3127622
-0.05762627850042965, 0.6422151756286621, -1.65525373, -1.3127622
-0.05762627850042965, 0.6428106045722962, -1.65525373, -1.3127622
-0.05762627850042965, 0.6433826875686646, -1.65525373, -1.3127622
-0.05762627850042965, 0.6439868569374084, -1.65525373, -1.3127622
-0.05762627850042965, 0.6446062684059143, -1.65525373, -1.3127622
-0.05762627850042965, 0.6451751399040223, -1.65525373, -1.3127622
-0.05762627850042965, 0.6457202649116517, -1.65525373, -1.3127622
-0.05762627850042965, 0.6462987136840821, -1.65525373, -1.3127622
-0.05762627850042965, 0.6468571424484253, -1.65525373, -1.3127622
-0.05762627850042965, 0.6474195051193238, -1.65525373, -1.3127622
-0.05762627850042965, 0.6479904580116272, -1.65525373, -1.3127622
-0.05762627850042965, 0.64855947971344, -1.65525373, -1.3127622
-0.05762627850042965, 0.6491138243675232, -1.65525373, -1.3127622
-0.05762627850042965, 0.6496961069107056, -1.65525373, -1.3127622
-0.05762627850042965, 0.6502656078338623, -1.65525373, -1.3127622
-0.05762627850042965, 0.6508452224731446, -1.65525373, -1.3127622
-0.05762627850042965, 0.6514398860931397, -1.65525373, -1.3127622
-0.05762627850042965, 0.651998085975647, -1.65525373, -1.3127622
-0.05762627850042965, 0.6525634455680848, -1.65525373, -1.3127622
-0.05762627850042965, 0.6531305861473083, -1.65525373, -1.3127622
-0.05762627850042965, 0.6537257504463196, -1.65525373, -1.3127622
-0.05762627850042965, 0.6543226385116577, -1.65525373, -1.3127622
-0.05762627850042965, 0.6548898363113403, -1.65525373, -1.3127622
-0.05762627850042965, 0.6554413700103761, -1.65525373, -1.3127622
-0.05762627850042965, 0.6560089325904847, -1.65525373, -1.3127622
-0.05762627850042965, 0.656568284034729, -1.65525373, -1.3127622
-0.05762627850042965, 0.6571390080451966, -1.65525373, -1.3127622
-0.05762627850042965, 0.6577201890945436, -1.65525373, -1.3127622
-0.05762627850042965, 0.6582683682441711, -1.65525373, -1.3127622
-0.05762627850042965, 0.6588066267967225, -1.65525373, -1.3127622
-0.05762627850042965, 0.6593691682815552, -1.65525373, -1.3127622
-0.05762627850042965, 0.659945206642151, -1.65525373, -1.3127622
-0.05762627850042965, 0.6605011820793152, -1.65525373, -1.3127622
-0.05762627850042965, 0.6610594391822815, -1.65525373, -1.3127622
-0.05762627850042965, 0.6616531658172609, -1.65525373, -1.3127622
-0.05762627850042965, 0.6622342252731324, -1.65525373, -1.3127622
-0.05762627850042965, 0.6628193902969362, -1.65525373, -1.3127622
-0.05762627850042965, 0.6633651447296143, -1.65525373, -1.3127622
-0.05762627850042965, 0.6639221930503846, -1.65525373, -1.3127622
-0.05762627850042965, 0.6645303249359131, -1.65525373, -1.3127622
-0.05762627850042965, 0.665072968006134, -1.65525373, -1.3127622
-0.05762627850042965, 0.6656371331214905, -1.65525373, -1.3127622
-0.05762627850042965, 0.6661884665489197, -1.65525373, -1.3127622
-0.05762627850042965, 0.666718385219574, -1.65525373, -1.3127622
-0.05762627850042965, 0.6672707986831665, -1.65525373, -1.3127622
-0.05762627850042965, 0.6678126835823059, -1.65525373, -1.3127622
-0.05762627850042965, 0.6684006881713868, -1.65525373, -1.3127622
-0.05762627850042965, 0.6689696526527406, -1.65525373, -1.3127622
-0.05762627850042965, 0.6695083117485047, -1.65525373, -1.3127622
-0.05762627850042965, 0.6700739145278931, -1.65525373, -1.3127622
-0.05762627850042965, 0.670615484714508, -1.65525373, -1.3127622
-0.05762627850042965, 0.671183512210846, -1.65525373, -1.3127622
-0.05762627850042965, 0.6717567825317383, -1.65525373, -1.3127622
-0.05762627850042965, 0.6723120927810669, -1.65525373, -1.3127622
-0.05762627850042965, 0.6728901267051697, -1.65525373, -1.3127622
-0.05762627850042965, 0.6734620594978333, -1.65525373, -1.3127622
-0.05762627850042965, 0.6740116548538209, -1.65525373, -1.3127622
-0.05762627850042965, 0.6745915627479554, -1.65525373, -1.3127622
-0.05762627850042965, 0.6751374244689942, -1.65525373, -1.3127622
-0.05762627850042965, 0.6756838798522949, -1.65525373, -1.3127622
-0.05762627850042965, 0.6762520933151246, -1.65525373, -1.3127622
-0.05762627850042965, 0.6768101501464845, -1.65525373, -1.3127622
-0.05762627850042965, 0.6773618340492249, -1.65525373, -1.3127622
-0.05762627850042965, 0.677932722568512, -1.65525373, -1.3127622
-0.05762627850042965, 0.6785071086883545, -1.65525373, -1.3127622
-0.05762627850042965, 0.6790601730346679, -1.65525373, -1.3127622
-0.05762627850042965, 0.6796028518676758, -1.65525373, -1.3127622
-0.05762627850042965, 0.6801710152626038, -1.65525373, -1.3127622
-0.05762627850042965, 0.6807151746749878, -1.65525373, -1.3127622
-0.05762627850042965, 0.6812530541419983, -1.65525373, -1.3127622
-0.05762627850042965, 0.6818121194839477, -1.65525373, -1.3127622
-0.05762627850042965, 0.6823836874961853, -1.65525373, -1.3127622
-0.05762627850042965, 0.6829224967956543, -1.65525373, -1.3127622
-0.05762627850042965, 0.6834605121612549, -1.65525373, -1.3127622
-0.05762627850042965, 0.6840531444549561, -1.65525373, -1.3127622
-0.05762627850042965, 0.6846323728561401, -1.65525373, -1.3127622
-0.05762627850042965, 0.6851837134361267, -1.65525373, -1.3127622
-0.05762627850042965, 0.6857504677772522, -1.65525373, -1.3127622
-0.05762627850042965, 0.6863452386856079, -1.65525373, -1.3127622
-0.05762627850042965, 0.6869378566741944, -1.65525373, -1.3127622
-0.05762627850042965, 0.6875090599060059, -1.65525373, -1.3127622
-0.05762627850042965, 0.6880699992179871, -1.65525373, -1.3127622
-0.05762627850042965, 0.6886569452285767, -1.65525373, -1.3127622
-0.05762627850042965, 0.6892130279541016, -1.65525373, -1.3127622
-0.05762627850042965, 0.6897966623306274, -1.65525373, -1.3127622
-0.05762627850042965, 0.6903767633438112, -1.65525373, -1.3127622
-0.05762627850042965, 0.6909480595588684, -1.65525373, -1.3127622
-0.05762627850042965, 0.6915304350852967, -1.65525373, -1.3127622
-0.05762627850042965, 0.6921040916442871, -1.65525373, -1.3127622
-0.05762627850042965, 0.692659673690796, -1.65525373, -1.3127622
-0.05762627850042965, 0.6932143187522889, -1.65525373, -1.3127622
-0.05762627850042965, 0.6937830829620362, -1.65525373, -1.3127622
-0.05762627850042965, 0.6943378639221192, -1.65525373, -1.3127622
-0.05762627850042965, 0.6949240159988403, -1.65525373, -1.3127622
-0.05762627850042965, 0.6955108261108399, -1.65525373, -1.3127622
-0.05762627850042965, 0.6960585403442383, -1.65525373, -1.3127622
-0.05762627850042965, 0.6965920925140381, -1.65525373, -1.3127622
-0.05762627850042965, 0.6971658849716187, -1.65525373, -1.3127622
-0.05762627850042965, 0.6977377748489381, -1.65525373, -1.3127622
-0.05762627850042965, 0.698277850151062, -1.65525373, -1.3127622
-0.05762627850042965, 0.6988484382629394, -1.65525373, -1.3127622
-0.05762627850042965, 0.6994310712814331, -1.65525373, -1.3127622
-0.05762627850042965, 0.6999994421005249, -1.65525373, -1.3127622
-0.05762627850042965, 0.7006076169013977, -1.65525373, -1.3127622
-0.05762627850042965, 0.7011911153793335, -1.65525373, -1.3127622
-0.05762627850042965, 0.7017597508430481, -1.65525373, -1.3127622
-0.05762627850042965, 0.7023444151878357, -1.65525373, -1.3127622
-0.05762627850042965, 0.7029062199592591, -1.65525373, -1.3127622
-0.05762627850042965, 0.7034663367271424, -1.65525373, -1.3127622
-0.05762627850042965, 0.704023506641388, -1.65525373, -1.3127622
-0.05762627850042965, 0.7045738387107849, -1.65525373, -1.3127622
-0.05762627850042965, 0.7051571941375733, -1.65525373, -1.3127622
-0.05762627850042965, 0.7056888866424561, -1.65525373, -1.3127622
-0.05762627850042965, 0.706240041255951, -1.65525373, -1.3127622
-0.05762627850042965, 0.7067914962768554, -1.65525373, -1.3127622
-0.05762627850042965, 0.7073466205596924, -1.65525373, -1.3127622
-0.05762627850042965, 0.7079032182693481, -1.65525373, -1.3127622
-0.05762627850042965, 0.7084678912162781, -1.65525373, -1.3127622
-0.05762627850042965, 0.7090094184875488, -1.65525373, -1.3127622
-0.05762627850042965, 0.7095699501037598, -1.65525373, -1.3127622
-0.05762627850042965, 0.7101183009147645, -1.65525373, -1.3127622
-0.05762627850042965, 0.7106808352470398, -1.65525373, -1.3127622
-0.05762627850042965, 0.7112338709831239, -1.65525373, -1.3127622
-0.05762627850042965, 0.7118183422088624, -1.65525373, -1.3127622
-0.05762627850042965, 0.7123631525039673, -1.65525373, -1.3127622
-0.05762627850042965, 0.7129246997833253, -1.65525373, -1.3127622
-0.05762627850042965, 0.713475353717804, -1.65525373, -1.3127622
-0.05762627850042965, 0.7140319013595582, -1.65525373, -1.3127622
-0.05762627850042965, 0.7145960950851441, -1.65525373, -1.3127622
-0.05762627850042965, 0.7151871466636658, -1.65525373, -1.3127622
-0.05762627850042965, 0.7157389378547669, -1.65525373, -1.3127622
-0.05762627850042965, 0.7163006711006166, -1.65525373, -1.3127622
-0.05762627850042965, 0.716840603351593, -1.65525373, -1.3127622
-0.05762627850042965, 0.7173900413513185, -1.65525373, -1.3127622
-0.05762627850042965, 0.7179884958267213, -1.65525373, -1.3127622
-0.05762627850042965, 0.718538498878479, -1.65525373, -1.3127622
-0.05762627850042965, 0.7191005110740661, -1.65525373, -1.3127622
-0.05762627850042965, 0.7196667861938477, -1.65525373, -1.3127622
-0.05762627850042965, 0.7202103877067566, -1.65525373, -1.3127622
-0.05762627850042965, 0.7207942724227905, -1.65525373, -1.3127622
-0.05762627850042965, 0.7213543963432312, -1.65525373, -1.3127622
-0.05762627850042965, 0.7218932127952576, -1.65525373, -1.3127622
-0.05762627850042965, 0.7224700808525085, -1.65525373, -1.3127622
-0.05762627850042965, 0.7230392456054687, -1.65525373, -1.3127622
-0.05762627850042965, 0.7236377143859863, -1.65525373, -1.3127622
-0.05762627850042965, 0.7241913652420044, -1.65525373, -1.3127622
-0.05762627850042965, 0.7247508311271668, -1.65525373, -1.3127622
-0.05762627850042965, 0.7253161978721618, -1.65525373, -1.3127622
-0.05762627850042965, 0.725870749950409, -1.65525373, -1.3127622
-0.05762627850042965, 0.7264212536811829, -1.65525373, -1.3127622
-0.05762627850042965, 0.7270109033584595, -1.65525373, -1.3127622
-0.05762627850042965, 0.7276056599617005, -1.65525373, -1.3127622
-0.05762627850042965, 0.7281999731063843, -1.65525373, -1.3127622
-0.05762627850042965, 0.728748710155487, -1.65525373, -1.3127622
-0.05762627850042965, 0.7292973828315735, -1.65525373, -1.3127622
-0.05762627850042965, 0.7298909020423889, -1.65525373, -1.3127622
-0.05762627850042965, 0.7304432582855225, -1.65525373, -1.3127622
-0.05762627850042965, 0.7310794425010682, -1.65525373, -1.3127622
-0.05762627850042965, 0.7316392016410828, -1.65525373, -1.3127622
-0.05762627850042965, 0.7322032165527343, -1.65525373, -1.3127622
-0.05762627850042965, 0.7327898693084717, -1.65525373, -1.3127622
-0.05762627850042965, 0.7333401727676392, -1.65525373, -1.3127622
-0.05762627850042965, 0.7338919639587402, -1.65525373, -1.3127622
-0.05762627850042965, 0.7344465947151184, -1.65525373, -1.3127622
-0.05762627850042965, 0.734979796409607, -1.65525373, -1.3127622
-0.05762627850042965, 0.7355235552787781, -1.65525373, -1.3127622
-0.05762627850042965, 0.7360907888412476, -1.65525373, -1.3127622
-0.05762627850042965, 0.7366568422317505, -1.65525373, -1.3127622
-0.05762627850042965, 0.737212553024292, -1.65525373, -1.3127622
-0.05762627850042965, 0.7377632069587708, -1.65525373, -1.3127622
-0.05762627850042965, 0.7383294320106507, -1.65525373, -1.3127622
-0.05762627850042965, 0.7388897919654847, -1.65525373, -1.3127622
-0.05762627850042965, 0.7394668102264405, -1.65525373, -1.3127622
-0.05762627850042965, 0.7400320267677307, -1.65525373, -1.3127622
-0.05762627850042965, 0.7406166911125183, -1.65525373, -1.3127622
-0.05762627850042965, 0.7411814212799073, -1.65525373, -1.3127622
-0.05762627850042965, 0.7417194437980652, -1.65525373, -1.3127622
-0.05762627850042965, 0.7422919487953187, -1.65525373, -1.3127622
-0.05762627850042965, 0.7428733587265015, -1.65525373, -1.3127622
-0.05762627850042965, 0.7434233903884888, -1.65525373, -1.3127622
-0.05762627850042965, 0.7440118241310121, -1.65525373, -1.3127622
-0.05762627850042965, 0.744568750858307, -1.65525373, -1.3127622
-0.05762627850042965, 0.7451712894439698, -1.65525373, -1.3127622
-0.05762627850042965, 0.7457267212867738, -1.65525373, -1.3127622
-0.05762627850042965, 0.7462797498703003, -1.65525373, -1.3127622
-0.05762627850042965, 0.7468141531944276, -1.65525373, -1.3127622
-0.05762627850042965, 0.7473653650283814, -1.65525373, -1.3127622
-0.05762627850042965, 0.7479406523704529, -1.65525373, -1.3127622
-0.05762627850042965, 0.7485203886032105, -1.65525373, -1.3127622
-0.05762627850042965, 0.749094524383545, -1.65525373, -1.3127622
-0.05762627850042965, 0.7496820783615112, -1.65525373, -1.3127622
-0.05762627850042965, 0.7502372026443481, -1.65525373, -1.3127622
-0.05762627850042965, 0.7508113741874695, -1.65525373, -1.3127622
-0.05762627850042965, 0.7514096927642823, -1.65525373, -1.3127622
-0.05762627850042965, 0.7519898867607118, -1.65525373, -1.3127622
-0.05762627850042965, 0.7525887846946716, -1.65525373, -1.3127622
-0.05762627850042965, 0.7531920027732849, -1.65525373, -1.3127622
-0.05762627850042965, 0.7537739634513855, -1.65525373, -1.3127622
-0.05762627850042965, 0.7543526124954224, -1.65525373, -1.3127622
-0.05762627850042965, 0.7549271488189697, -1.65525373, -1.3127622
-0.05762627850042965, 0.7554978299140931, -1.65525373, -1.3127622
-0.05762627850042965, 0.7560841679573059, -1.65525373, -1.3127622
-0.05762627850042965, 0.7566336846351625, -1.65525373, -1.3127622
-0.05762627850042965, 0.7572038435935975, -1.65525373, -1.3127622
-0.05762627850042965, 0.7577421522140504, -1.65525373, -1.3127622
-0.05762627850042965, 0.7582735586166383, -1.65525373, -1.3127622
-0.05762627850042965, 0.7588500761985779, -1.65525373, -1.3127622
-0.05762627850042965, 0.7594235467910767, -1.65525373, -1.3127622
-0.05762627850042965, 0.7599860310554505, -1.65525373, -1.3127622
-0.05762627850042965, 0.7605390882492066, -1.65525373, -1.3127622
-0.05762627850042965, 0.7610928606987, -1.65525373, -1.3127622
-0.05762627850042965, 0.7616460251808167, -1.65525373, -1.3127622
-0.05762627850042965, 0.7622073864936829, -1.65525373, -1.3127622
-0.05762627850042965, 0.7627727460861207, -1.65525373, -1.3127622
-0.05762627850042965, 0.763337562084198, -1.65525373, -1.3127622
-0.05762627850042965, 0.763874282836914, -1.65525373, -1.3127622
-0.05762627850042965, 0.7644541692733765, -1.65525373, -1.3127622
-0.05762627850042965, 0.7650223112106324, -1.65525373, -1.3127622
-0.05762627850042965, 0.7655937504768372, -1.65525373, -1.3127622
-0.05762627850042965, 0.766183786392212, -1.65525373, -1.3127622
-0.05762627850042965, 0.7667227959632874, -1.65525373, -1.3127622
-0.05762627850042965, 0.7673115730285645, -1.65525373, -1.3127622
-0.05762627850042965, 0.7678757166862489, -1.65525373, -1.3127622
-0.05762627850042965, 0.7684144330024719, -1.65525373, -1.3127622
-0.05762627850042965, 0.7690191888809205, -1.65525373, -1.3127622
-0.05762627850042965, 0.7696116137504578, -1.65525373, -1.3127622
-0.05762627850042965, 0.7701757073402404, -1.65525373, -1.3127622
-0.05762627850042965, 0.7707728242874146, -1.65525373, -1.3127622
-0.05762627850042965, 0.7713207530975342, -1.65525373, -1.3127622
-0.05762627850042965, 0.7718904685974122, -1.65525373, -1.3127622
-0.05762627850042965, 0.7724490833282471, -1.65525373, -1.3127622
-0.05762627850042965, 0.7730160093307495, -1.65525373, -1.3127622
-0.05762627850042965, 0.77363755941391, -1.65525373, -1.3127622
-0.05762627850042965, 0.7741896080970765, -1.65525373, -1.3127622
-0.05762627850042965, 0.7747549676895142, -1.65525373, -1.3127622
-0.05762627850042965, 0.7752979469299317, -1.65525373, -1.3127622
-0.05762627850042965, 0.776118803024292, -1.65525373, -1.3127622
-0.05762627850042965, 0.7767236733436584, -1.65525373, -1.3127622
-0.05762627850042965, 0.7772893762588502, -1.65525373, -1.3127622
-0.05762627850042965, 0.7778296089172364, -1.65525373, -1.3127622
-0.05762627850042965, 0.7783806848526001, -1.65525373, -1.3127622
-0.05762627850042965, 0.7789435267448426, -1.65525373, -1.3127622
-0.05762627850042965, 0.7794973349571228, -1.65525373, -1.3127622
-0.05762627850042965, 0.7800852322578431, -1.65525373, -1.3127622
-0.05762627850042965, 0.780670804977417, -1.65525373, -1.3127622
-0.05762627850042965, 0.7812293481826782, -1.65525373, -1.3127622
-0.05762627850042965, 0.7817802381515503, -1.65525373, -1.3127622
-0.05762627850042965, 0.7823363137245178, -1.65525373, -1.3127622
-0.05762627850042965, 0.7828950214385987, -1.65525373, -1.3127622
-0.05762627850042965, 0.7834466409683227, -1.65525373, -1.3127622
-0.05762627850042965, 0.7840242528915405, -1.65525373, -1.3127622
-0.05762627850042965, 0.7845849204063416, -1.65525373, -1.3127622
-0.05762627850042965, 0.7851269340515137, -1.65525373, -1.3127622
-0.05762627850042965, 0.7857037305831909, -1.65525373, -1.3127622
-0.05762627850042965, 0.7862787532806397, -1.65525373, -1.3127622
-0.05762627850042965, 0.7868138718605042, -1.65525373, -1.3127622
-0.05762627850042965, 0.7873829364776611, -1.65525373, -1.3127622
-0.05762627850042965, 0.787945113182068, -1.65525373, -1.3127622
-0.05762627850042965, 0.7885261011123658, -1.65525373, -1.3127622
-0.05762627850042965, 0.7890916395187378, -1.65525373, -1.3127622
-0.05762627850042965, 0.7896576142311097, -1.65525373, -1.3127622
-0.05762627850042965, 0.7902297258377076, -1.65525373, -1.3127622
-0.05762627850042965, 0.7907804083824158, -1.65525373, -1.3127622
-0.05762627850042965, 0.7913302612304688, -1.65525373, -1.3127622
-0.05762627850042965, 0.791872696876526, -1.65525373, -1.3127622
-0.05762627850042965, 0.792418987751007, -1.65525373, -1.3127622
-0.05762627850042965, 0.7930142521858216, -1.65525373, -1.3127622
-0.05762627850042965, 0.793618528842926, -1.65525373, -1.3127622
-0.05762627850042965, 0.7942036795616151, -1.65525373, -1.3127622
-0.05762627850042965, 0.7947490906715393, -1.65525373, -1.3127622
-0.05762627850042965, 0.7952796244621277, -1.65525373, -1.3127622
-0.05762627850042965, 0.7958284330368042, -1.65525373, -1.3127622
-0.05762627850042965, 0.796378779411316, -1.65525373, -1.3127622
-0.05762627850042965, 0.7969494390487671, -1.65525373, -1.3127622
-0.05762627850042965, 0.7975484728813171, -1.65525373, -1.3127622
-0.05762627850042965, 0.7980879616737366, -1.65525373, -1.3127622
-0.05762627850042965, 0.7986703801155091, -1.65525373, -1.3127622
-0.05762627850042965, 0.799247076511383, -1.65525373, -1.3127622
-0.05762627850042965, 0.7998028588294983, -1.65525373, -1.3127622
-0.05762627850042965, 0.8003787183761597, -1.65525373, -1.3127622
-0.05762627850042965, 0.8009476900100708, -1.65525373, -1.3127622
-0.05762627850042965, 0.8015554213523866, -1.65525373, -1.3127622
-0.05762627850042965, 0.8021388983726501, -1.65525373, -1.3127622
-0.05762627850042965, 0.8026951599121095, -1.65525373, -1.3127622
-0.05762627850042965, 0.8032590675354004, -1.65525373, -1.3127622
-0.05762627850042965, 0.8038357639312744, -1.65525373, -1.3127622
-0.05762627850042965, 0.8043576574325562, -1.65525373, -1.3127622
-0.05762627850042965, 0.8049400186538695, -1.65525373, -1.3127622
-0.05762627850042965, 0.8055113434791565, -1.65525373, -1.3127622
-0.05762627850042965, 0.8061374855041503, -1.65525373, -1.3127622
-0.05762627850042965, 0.8067081594467164, -1.65525373, -1.3127622
-0.05762627850042965, 0.807250473499298, -1.65525373, -1.3127622
-0.05762627850042965, 0.8078046035766601, -1.65525373, -1.3127622
-0.05762627850042965, 0.8083629965782165, -1.65525373, -1.3127622
-0.05762627850042965, 0.8089366817474366, -1.65525373, -1.3127622
-0.05762627850042965, 0.8094963979721068, -1.65525373, -1.3127622
-0.05762627850042965, 0.8100797748565673, -1.65525373, -1.3127622
-0.05762627850042965, 0.8106365871429443, -1.65525373, -1.3127622
-0.05762627850042965, 0.8111781644821168, -1.65525373, -1.3127622
-0.05762627850042965, 0.8117619276046752, -1.65525373, -1.3127622
-0.05762627850042965, 0.8123236894607544, -1.65525373, -1.3127622
-0.05762627850042965, 0.8128616905212402, -1.65525373, -1.3127622
-0.05762627850042965, 0.8134097337722779, -1.65525373, -1.3127622
-0.05762627850042965, 0.8139419770240783, -1.65525373, -1.3127622
-0.05762627850042965, 0.8144956564903258, -1.65525373, -1.3127622
-0.05762627850042965, 0.8150456237792969, -1.65525373, -1.3127622
-0.05762627850042965, 0.815581521987915, -1.65525373, -1.3127622
-0.05762627850042965, 0.8161449861526489, -1.65525373, -1.3127622
-0.05762627850042965, 0.8167067050933838, -1.65525373, -1.3127622
-0.05762627850042965, 0.8172814917564392, -1.65525373, -1.3127622
-0.05762627850042965, 0.8178538250923157, -1.65525373, -1.3127622
-0.05762627850042965, 0.8184129691123962, -1.65525373, -1.3127622
-0.05762627850042965, 0.8190045428276062, -1.65525373, -1.3127622
-0.05762627850042965, 0.8195691299438476, -1.65525373, -1.3127622
-0.05762627850042965, 0.8201450610160828, -1.65525373, -1.3127622
-0.05762627850042965, 0.8207194256782533, -1.65525373, -1.3127622
-0.05762627850042965, 0.8212741351127624, -1.65525373, -1.3127622
-0.05762627850042965, 0.8218296527862549, -1.65525373, -1.3127622
-0.05762627850042965, 0.8223931384086608, -1.65525373, -1.3127622
-0.05762627850042965, 0.8229279136657714, -1.65525373, -1.3127622
-0.05762627850042965, 0.8234874296188355, -1.65525373, -1.3127622
-0.05762627850042965, 0.824041531085968, -1.65525373, -1.3127622
-0.05762627850042965, 0.824587378501892, -1.65525373, -1.3127622
-0.05762627850042965, 0.8251600050926209, -1.65525373, -1.3127622
-0.05762627850042965, 0.8257515573501587, -1.65525373, -1.3127622
-0.05762627850042965, 0.8263193845748902, -1.65525373, -1.3127622
-0.05762627850042965, 0.8268908596038818, -1.65525373, -1.3127622
-0.05762627850042965, 0.8274536442756653, -1.65525373, -1.3127622
-0.05762627850042965, 0.8280314207077026, -1.65525373, -1.3127622
-0.05762627850042965, 0.8285754871368407, -1.65525373, -1.3127622
-0.05762627850042965, 0.8291301465034484, -1.65525373, -1.3127622
-0.05762627850042965, 0.8296880888938905, -1.65525373, -1.3127622
-0.05762627850042965, 0.8302559661865235, -1.65525373, -1.3127622
-0.05762627850042965, 0.8308459162712097, -1.65525373, -1.3127622
-0.05762627850042965, 0.8314058399200439, -1.65525373, -1.3127622
-0.05762627850042965, 0.8319896602630615, -1.65525373, -1.3127622
-0.05762627850042965, 0.8325596261024476, -1.65525373, -1.3127622
-0.05762627850042965, 0.8331109094619752, -1.65525373, -1.3127622
-0.05762627850042965, 0.8336762118339539, -1.65525373, -1.3127622
-0.05762627850042965, 0.8342575931549072, -1.65525373, -1.3127622
-0.05762627850042965, 0.8348229598999023, -1.65525373, -1.3127622
-0.05762627850042965, 0.8354050636291503, -1.65525373, -1.3127622
-0.05762627850042965, 0.8359899997711182, -1.65525373, -1.3127622
-0.05762627850042965, 0.8365324783325196, -1.65525373, -1.3127622
-0.05762627850042965, 0.8370858144760132, -1.65525373, -1.3127622
-0.05762627850042965, 0.8377145957946777, -1.65525373, -1.3127622
-0.05762627850042965, 0.8382876586914062, -1.65525373, -1.3127622
-0.05762627850042965, 0.8388422036170959, -1.65525373, -1.3127622
-0.05762627850042965, 0.8394223046302794, -1.65525373, -1.3127622
-0.05762627850042965, 0.8399643754959106, -1.65525373, -1.3127622
-0.05762627850042965, 0.8405079197883607, -1.65525373, -1.3127622
-0.05762627850042965, 0.8410876989364624, -1.65525373, -1.3127622
-0.05762627850042965, 0.8416177749633789, -1.65525373, -1.3127622
-0.05762627850042965, 0.8421819972991944, -1.65525373, -1.3127622
-0.05762627850042965, 0.8427587652206421, -1.65525373, -1.3127622
-0.05762627850042965, 0.8433140540122986, -1.65525373, -1.3127622
-0.05762627850042965, 0.8438688063621521, -1.65525373, -1.3127622
-0.05762627850042965, 0.8444113922119142, -1.65525373, -1.3127622
-0.05762627850042965, 0.8449430203437804, -1.65525373, -1.3127622
-0.05762627850042965, 0.845502986907959, -1.65525373, -1.3127622
-0.05762627850042965, 0.8460543346405031, -1.65525373, -1.3127622
-0.05762627850042965, 0.8466447496414184, -1.65525373, -1.3127622
-0.05762627850042965, 0.8472008466720581, -1.65525373, -1.3127622
-0.05762627850042965, 0.8477649259567261, -1.65525373, -1.3127622
-0.05762627850042965, 0.8483173823356628, -1.65525373, -1.3127622
-0.05762627850042965, 0.8489058947563171, -1.65525373, -1.3127622
-0.05762627850042965, 0.8494518852233887, -1.65525373, -1.3127622
-0.05762627850042965, 0.8500020384788514, -1.65525373, -1.3127622
-0.05762627850042965, 0.8505560111999513, -1.65525373, -1.3127622
-0.05762627850042965, 0.8511397314071656, -1.65525373, -1.3127622
-0.05762627850042965, 0.8516792130470277, -1.65525373, -1.3127622
-0.05762627850042965, 0.8522210478782654, -1.65525373, -1.3127622
-0.05762627850042965, 0.8528353667259216, -1.65525373, -1.3127622
-0.05762627850042965, 0.853393738269806, -1.65525373, -1.3127622
-0.05762627850042965, 0.8539542698860169, -1.65525373, -1.3127622
-0.05762627850042965, 0.8544856190681458, -1.65525373, -1.3127622
-0.05762627850042965, 0.8550242638587952, -1.65525373, -1.3127622
-0.05762627850042965, 0.8555997443199159, -1.65525373, -1.3127622
-0.05762627850042965, 0.8561744952201844, -1.65525373, -1.3127622
-0.05762627850042965, 0.85672687292099, -1.65525373, -1.3127622
-0.05762627850042965, 0.8572831630706788, -1.65525373, -1.3127622
-0.05762627850042965, 0.8578482079505921, -1.65525373, -1.3127622
-0.05762627850042965, 0.8584406971931458, -1.65525373, -1.3127622
-0.05762627850042965, 0.8590165424346925, -1.65525373, -1.3127622
-0.05762627850042965, 0.859591293334961, -1.65525373, -1.3127622
-0.05762627850042965, 0.8601490497589112, -1.65525373, -1.3127622
-0.05762627850042965, 0.8607271480560303, -1.65525373, -1.3127622
-0.05762627850042965, 0.8612704277038574, -1.65525373, -1.3127622
-0.05762627850042965, 0.861817626953125, -1.65525373, -1.3127622
-0.05762627850042965, 0.8624054169654846, -1.65525373, -1.3127622
-0.05762627850042965, 0.8629818272590638, -1.65525373, -1.3127622
-0.05762627850042965, 0.8635341048240661, -1.65525373, -1.3127622
-0.05762627850042965, 0.8641411566734314, -1.65525373, -1.3127622
-0.05762627850042965, 0.8646947145462036, -1.65525373, -1.3127622
-0.05762627850042965, 0.865297224521637, -1.65525373, -1.3127622
-0.05762627850042965, 0.8658915448188782, -1.65525373, -1.3127622
-0.05762627850042965, 0.8664373993873596, -1.65525373, -1.3127622
-0.05762627850042965, 0.867018337249756, -1.65525373, -1.3127622
-0.05762627850042965, 0.8675769162178041, -1.65525373, -1.3127622
-0.05762627850042965, 0.8681457662582398, -1.65525373, -1.3127622
-0.05762627850042965, 0.8686850404739379, -1.65525373, -1.3127622
-0.05762627850042965, 0.8692457294464111, -1.65525373, -1.3127622
-0.05762627850042965, 0.8698020553588867, -1.65525373, -1.3127622
-0.05762627850042965, 0.8703410148620605, -1.65525373, -1.3127622
-0.05762627850042965, 0.8708915901184083, -1.65525373, -1.3127622
-0.05762627850042965, 0.8714590883255005, -1.65525373, -1.3127622
-0.05762627850042965, 0.871994457244873, -1.65525373, -1.3127622
-0.05762627850042965, 0.8725476717948913, -1.65525373, -1.3127622
-0.05762627850042965, 0.8731022167205811, -1.65525373, -1.3127622
-0.05762627850042965, 0.8736506175994874, -1.65525373, -1.3127622
-0.05762627850042965, 0.8742109489440919, -1.65525373, -1.3127622
-0.05762627850042965, 0.8748019433021545, -1.65525373, -1.3127622
-0.05762627850042965, 0.8753599786758424, -1.65525373, -1.3127622
-0.05762627850042965, 0.8759029150009155, -1.65525373, -1.3127622
-0.05762627850042965, 0.8764868712425231, -1.65525373, -1.3127622
-0.05762627850042965, 0.8770222830772401, -1.65525373, -1.3127622
-0.05762627850042965, 0.8775941443443299, -1.65525373, -1.3127622
-0.05762627850042965, 0.8781719779968261, -1.65525373, -1.3127622
-0.05762627850042965, 0.8787011456489564, -1.65525373, -1.3127622
-0.05762627850042965, 0.8792780566215516, -1.65525373, -1.3127622
-0.05762627850042965, 0.8798081040382385, -1.65525373, -1.3127622
-0.05762627850042965, 0.880361454486847, -1.65525373, -1.3127622
-0.05762627850042965, 0.8808975315093994, -1.65525373, -1.3127622
-0.05762627850042965, 0.881441469192505, -1.65525373, -1.3127622
-0.05762627850042965, 0.8819732689857483, -1.65525373, -1.3127622
-0.05762627850042965, 0.882481200695038, -1.65525373, -1.3127622
-0.05762627850042965, 0.8830054187774659, -1.65525373, -1.3127622
-0.05762627850042965, 0.8835640978813173, -1.65525373, -1.3127622
-0.05762627850042965, 0.8841191720962526, -1.65525373, -1.3127622
-0.05762627850042965, 0.8846829652786254, -1.65525373, -1.3127622
-0.05762627850042965, 0.8852183985710145, -1.65525373, -1.3127622
-0.05762627850042965, 0.8857508635520934, -1.65525373, -1.3127622
-0.05762627850042965, 0.8862821912765503, -1.65525373, -1.3127622
-0.05762627850042965, 0.8868009805679321, -1.65525373, -1.3127622
-0.05762627850042965, 0.8873708748817444, -1.65525373, -1.3127622
-0.1324637808299956, 0.8879763102531433, 1.09214451, 2.54142107
-0.1473714080084137, 0.8885191893577575, 0.0274613829, 2.11498662
-0.13611584601523125, 0.8890664744377137, 0.0274613829, 2.11498662
-0.13611584601523125, 0.889650959968567, 0.0274613829, 2.11498662
-0.13611584601523125, 0.890243377685547, 0.0274613829, 2.11498662
-0.13611584601523125, 0.8908043742179871, 0.0274613829, 2.11498662
-0.12891690561599917, 0.8913501358032226, -0.242035098, 2.13923711
-0.12531743541638313, 0.891935887336731, -0.242035098, 2.13923711
-0.12531743541638313, 0.8924979496002198, -0.242035098, 2.13923711
-0.15704861583910276, 0.8930711698532106, 1.18880304, 2.51764562
-0.1729142060504626, 0.8936149930953979, 1.18880304, 2.51764562
-0.1729142060504626, 0.8941659545898437, 1.18880304, 2.51764562
-0.17742940974237814, 0.89473042011261, 1.38130564, 2.566836
-0.17742940974237814, 0.8953000926971436, 1.38130564, 2.566836
-0.17742940974237814, 0.8958202123641967, 1.38130564, 2.566836
-0.17742940974237814, 0.896398389339447, 1.38130564, 2.566836
-0.17742940974237814, 0.8969138097763063, 1.38130564, 2.566836
-0.16629897326169935, 0.8974503159523011, 1.20951481, 3.1730578
-0.16629897326169935, 0.8979916000366212, 1.20951481, 3.1730578
-0.16629897326169935, 0.8985173988342285, 1.20951481, 3.1730578
-0.13496307946715363, 0.8990754413604737, -0.581675834, 3.14766604
-0.11929513256988078, 0.8996665573120117, -0.581675834, 3.14766604
-0.11929513256988078, 0.9002215313911439, -0.581675834, 3.14766604
-0.1001394223236248, 0.9007810401916505, -1.38472678, 3.22453072
-0.1001394223236248, 0.9013241410255433, -1.38472678, 3.22453072
-0.1001394223236248, 0.9018915104866029, -1.38472678, 3.22453072
-0.1001394223236248, 0.9024711465835571, -1.38472678, 3.22453072
-0.1001394223236248, 0.9030428361892702, -1.58433283, 3.25616759
-0.08778442365785304, 0.9035813450813294, -1.95936024, 2.87850062
-0.08363603875651708, 0.9041712379455566, -1.95936024, 2.87850062
-0.08363603875651708, 0.9047446298599244, -1.95936024, 2.87850062
-0.08363603875651708, 0.9053160977363588, -1.95936024, 2.87850062
-0.08363603875651708, 0.9058956623077392, -1.95936024, 2.87850062
-0.06942195138150195, 0.9064503002166748, -1.5193075, 2.01049978
-0.07938322750664181, 0.906993887424469, -1.5193075, 2.01049978
-0.07938322750664181, 0.9075708770751953, -1.5193075, 2.01049978
-0.07938322750664181, 0.9081310009956359, -1.5193075, 2.01049978
-0.07938322750664181, 0.9086727786064148, -1.5193075, 2.01049978
-0.09128978453343899, 0.9092148852348328, -1.14238445, 2.43085133
-0.11425435691997632, 0.9097781705856324, -0.348044598, 2.42726531
-0.12276000385654567, 0.9103371000289917, -0.348044598, 2.42726531
-0.12276000385654567, 0.9108908081054687, -0.348044598, 2.42726531
-0.12276000385654567, 0.9114569187164306, -0.348044598, 2.42726531
-0.12276000385654567, 0.9120336008071901, -0.348044598, 2.42726531
-0.09995933744283306, 0.9125922369956971, -1.26304539, 1.48872021
-0.07453258074403268, 0.913140823841095, -1.26304539, 1.48872021
-0.07453258074403268, 0.9136804413795472, -1.26304539, 1.48872021
-0.07453258074403268, 0.9142227625846863, -1.26304539, 1.48872021
-0.07453258074403268, 0.9147600269317626, -1.26304539, 1.48872021
-0.07176028757168867, 0.9153364086151123, -1.55463671, 1.66225666
-0.03207807269468454, 0.9160348629951477, -0.870945237, 0.341063395
-0.03207807269468454, 0.9165924119949341, -0.870945237, 0.341063395
-0.03207807269468454, 0.9171907877922058, -0.870945237, 0.341063395
-0.03207807269468454, 0.9177547454833984, -0.870945237, 0.341063395
-0.02807648856847361, 0.9183442521095276, -0.879032148, -0.275199013
-0.0739167214226455, 0.9189156699180604, -0.387290245, -0.839127446
-0.0978372338812842, 0.9194645285606384, -0.387290245, -0.839127446
-0.0978372338812842, 0.9200500512123109, -0.387290245, -0.839127446
-0.0978372338812842, 0.9206024432182313, -0.387290245, -0.839127446
-0.0978372338812842, 0.921148340702057, -0.387290245, -0.839127446
-0.19183050807994914, 0.9216832160949707, 0.516425913, -0.243441735
-0.18989200562713407, 0.9278319978713989, 0.538454679, 1.07712804
-0.17484059705813113, 0.9284031867980957, 0.538454679, 1.07712804
-0.17484059705813113, 0.9289778804779052, 0.538454679, 1.07712804
-0.17484059705813113, 0.9295333194732667, 0.538454679, 1.07712804
-0.17484059705813113, 0.9301428174972534, 0.538454679, 1.07712804
-0.17454333200761746, 0.9306978845596314, 0.849199245, 1.70498758
-0.17471461904514587, 0.931259274482727, 0.849199245, 1.70498758
-0.17471461904514587, 0.9318279314041138, 0.849199245, 1.70498758
-0.17471461904514587, 0.9323666262626649, 0.849199245, 1.70498758
-0.17471461904514587, 0.9329134893417359, 0.849199245, 1.70498758
-0.16766058501591966, 0.9334476137161255, 0.79124358, 2.24405996
-0.1407293450106329, 0.9340362191200257, -0.124924686, 1.79467849
-0.12902723351529607, 0.9345755791664123, -0.124924686, 1.79467849
-0.12902723351529607, 0.9351299095153809, -0.124924686, 1.79467849
-0.12902723351529607, 0.9357438635826112, -0.124924686, 1.79467849
-0.12902723351529607, 0.9362959480285644, -0.124924686, 1.79467849
-0.10079694627120814, 0.9368822932243347, -1.34708904, 1.88527314
-0.08167943738796038, 0.9374373316764831, -1.34708904, 1.88527314
-0.08167943738796038, 0.937979681491852, -1.34708904, 1.88527314
-0.08167943738796038, 0.938510251045227, -1.34708904, 1.88527314
-0.08167943738796038, 0.9390902590751649, -1.34708904, 1.88527314
-0.06696599391524961, 0.9396187257766725, -1.39078751, 1.15627526
-0.07357397099634008, 0.9401779127120973, -1.08905295, 1.25499203
-0.07357397099634008, 0.9407204270362854, -1.08905295, 1.25499203
-0.07357397099634008, 0.9413001418113709, -1.08905295, 1.25499203
-0.07357397099634008, 0.9418555450439454, -1.08905295, 1.25499203
-0.07357397099634008, 0.9424583411216736, -0.989553654, 1.46900583
-0.10253250465505397, 0.9430086302757263, -0.505796095, 1.82570128
-0.11177254328119467, 0.9435443496704101, -0.505796095, 1.82570128
-0.11177254328119467, 0.9440928792953491, -0.505796095, 1.82570128
-0.11177254328119467, 0.9446329689025879, -0.505796095, 1.82570128
-0.11177254328119467, 0.9452367162704467, -0.505796095, 1.82570128
-0.11890404812173173, 0.9458072757720947, 0.978788016, -0.321562751
-0.09123555785976636, 0.9491707944869996, -0.997915671, 0.341310707
-0.028322847559308258, 0.94971839427948, -0.997915671, 0.341310707
-0.028322847559308258, 0.9502670240402222, -0.997915671, 0.341310707