
0.16064585447311402, -0.04272822823420764, 2.71960255, -1.47573178
0.16108670949935916, -0.04272822823420764, 2.71960255, -1.47573178
0.16153242111206056, -0.040744973420904364, 2.79401317, -1.43366707
0.161958270072937, -0.02963936089119374, 3.27507687, -1.15466474
0.1624016857147217, -0.02811670521463474, 3.34414121, -1.11286073
0.1628316617012024, -0.027609556446843812, 3.34414121, -1.11286073
0.16326451301574707, -0.027609556446843812, 3.34414121, -1.11286073
0.16367160797119143, -0.027609556446843812, 3.34414121, -1.11286073
0.1640803265571594, -0.027609556446843812, 3.34414121, -1.11286073
0.16450197696685792, -0.02661351673229308, 3.41300132, -1.07024567
0.16491559505462647, -0.021486876982915386, 3.7585221, -0.852653727
0.16533556461334226, -0.017409023967532054, 3.87419142, -0.779046876
0.16575921058654783, -0.01705465097804715, 3.87419142, -0.779046876
0.16618139743804933, -0.01705465097804715, 3.87419142, -0.779046876
0.16661571502685546, -0.01705465097804715, 3.87419142, -0.779046876
0.1670336890220642, -0.01705465097804715, 3.87419142, -0.779046876
0.1674556040763855, -0.016381610750485085, 3.92987053, -0.742324247
0.1678913164138794, -0.012766246340767964, 4.20607924, -0.547609288
0.16870032072067262, -0.009580880043240456, 4.29888587, -0.481228925
0.1691277003288269, -0.009580880043240456, 4.29888587, -0.481228925
0.16953387975692752, -0.009580880043240456, 4.29888587, -0.481228925
0.16995428562164308, -0.009580880043240456, 4.29888587, -0.481228925
0.1704021430015564, -0.009088998223578268, 4.34194289, -0.448341657
0.17084158182144166, -0.0063628851505972495, 4.57337884, -0.272926292
0.1712670660018921, -0.004711621429004723, 4.61262541, -0.242062117
0.17171739101409914, 0, 4.6512401, -0.210820313
0.17208453893661496, 0, 4.6512401, -0.210820313
0.17245858192443847, 0, 4.6512401, -0.210820313
0.17281370639801025, 0, 4.6512401, -0.210820313
0.17317117691040038, 0, 4.6512401, -0.210820313
0.1735278606414795, 0, 4.6512401, -0.210820313
0.1738687515258789, 0, 4.69077348, -0.178628646
0.17421206712722775, 0, 4.90072701, 0.0192118587
0.17456074714660647, 0, 4.93854466, 0.0549120172
0.17490498542785646, 0, 4.97352881, 0.0926813438
0.175265896320343, 0, 4.97352881, 0.0926813438
0.17561047792434695, 0, 4.97352881, 0.0926813438
0.17595772743225097, 0, 4.97352881, 0.0926813438
0.17629547119140626, 0, 4.97352881, 0.0926813438
0.17663315773010252, 0, 4.97352881, 0.0926813438
0.177004075050354, 0, 5.00726394, 0.132981431
0.17735168218612668, 0.005973382745278571, 5.21245442, 0.374696653
0.17777082204818723, 0.006710077076425307, 5.24117359, 0.410039664
0.17821209907531738, 0.006710077076425307, 5.24117359, 0.410039664
0.17864219665527345, 0.006710077076425307, 5.24117359, 0.410039664
0.17907262325286863, 0.006710077076425307, 5.24117359, 0.410039664
0.1794804334640503, 0.007061374096269158, 5.26815786, 0.444665065
0.17990185499191283, 0.009052534921441844, 5.41073846, 0.629890661
0.18035623550415042, 0.010261372505678419, 5.43656588, 0.661870925
0.1807653617858887, 0.010693212549324677, 5.46094006, 0.692063247
0.1811808180809021, 0.010833862214495005, 5.46094006, 0.692063247
0.1816226601600647, 0.010833862214495005, 5.46094006, 0.692063247
0.18206237077713014, 0.010833862214495005, 5.46094006, 0.692063247
0.18247381448745728, 0.011114852692527032, 5.48570796, 0.722554427
0.1829019808769226, 0.012560226202718246, 5.61008202, 0.869333161
0.18332921743392944, 0.013434945235055283, 5.63228849, 0.895163063
0.18376636743545532, 0.01377012149405287, 5.65392649, 0.921282557
0.18417722463607786, 0.013882139649364304, 5.65392649, 0.921282557
0.18460062026977536, 0.013882139649364304, 5.65392649, 0.921282557
0.18504737615585326, 0.013882139649364304, 5.65392649, 0.921282557
0.18580680608749392, 0.014208209081595242, 5.67576356, 0.946960133
0.1862480616569519, 0.016017557419645043, 5.79807683, 1.09935291
0.18666393280029298, 0.016283932195302497, 5.81564189, 1.12158259
0.18707250118255617, 0.016373745442877667, 5.81564189, 1.12158259
0.18750221252441407, 0.016373745442877667, 5.81564189, 1.12158259
0.18792288303375243, 0.016373745442877667, 5.81564189, 1.12158259
0.18837212085723878, 0.016373745442877667, 5.81564189, 1.12158259
0.18881899118423462, 0.016541272499410505, 5.8330853, 1.14264639
0.18929768323898316, 0.018161468343663216, 5.91765392, 1.27515829
0.18972991943359374, 0.018383715411641858, 5.92736952, 1.29275815
0.19016752004623413, 0.0184552955705477, 5.92736952, 1.29275815
0.19058238267898558, 0.0184552955705477, 5.92736952, 1.29275815
0.1910137319564819, 0.0184552955705477, 5.92736952, 1.29275815
0.19146133184432984, 0.0184552955705477, 5.92736952, 1.29275815
0.19191114902496337, 0.018662897296741282, 5.93631242, 1.30973813
0.1923263907432556, 0.01980654852749173, 5.97936943, 1.40708191
0.19273726940155028, 0.01998014421525366, 5.98437064, 1.42116527
0.1931675672531128, 0.020038658834776686, 5.98437064, 1.42116527
0.19358832359313966, 0.020038658834776686, 5.98437064, 1.42116527
0.19401021003723146, 0.020038658834776686, 5.98437064, 1.42116527
0.19445447683334352, 0.020038658834776686, 5.98437064, 1.42116527
0.19487475395202636, 0.020153911990299637, 5.98937186, 1.43508642
0.1953224039077759, 0.021027328168600878, 6.02300966, 1.50598986
0.1957682657241821, 0.02111938684184939, 6.03067922, 1.51482454
0.19620051622390747, 0.021150303250404894, 6.03067922, 1.51482454
0.19661653757095338, 0.021150303250404894, 6.03067922, 1.51482454
0.1970239758491516, 0.021150303250404894, 6.03067922, 1.51482454
0.19745177745819092, 0.021150303250404894, 6.03067922, 1.51482454
0.19787927150726317, 0.02120202699410611, 6.03899024, 1.52270914
0.19831614255905153, 0.021568337467235774, 6.12372401, 1.571662
0.19874119758605957, 0.021618008134840085, 6.1447058, 1.58007378
0.19917108774185183, 0.021631245940286883, 6.1447058, 1.58007378
0.1996389651298523, 0.021631245940286883, 6.1447058, 1.58007378
0.20008813142776488, 0.021631245940286883, 6.1447058, 1.58007378
0.20053006649017333, 0.021631245940286883, 6.1447058, 1.58007378
0.20096969127655032, 0.02164323129358386, 6.16706784, 1.58719947
0.20139432430267332, 0.02158158319863306, 6.33854751, 1.62522628
0.20182485103607178, 0.021548671187764025, 6.36524497, 1.62936265
0.20225291728973388, 0.021537229996614546, 6.36524497, 1.62936265
0.20265996932983396, 0.021537229996614546, 6.36524497, 1.62936265
0.20309460163116455, 0.021537229996614546, 6.36524497, 1.62936265
0.20352187395095825, 0.021537229996614546, 6.36524497, 1.62936265
0.2039552402496338, 0.02150871622355615, 6.3911793, 1.63261266
0.20511080026626588, 0.02125926604839495, 6.58314013, 1.66247101
0.20551641464233397, 0.02125926604839495, 6.58314013, 1.66247101
0.20595494508743287, 0.02125926604839495, 6.58314013, 1.66247101
0.20642438173294067, 0.02125926604839495, 6.58314013, 1.66247101
0.2068879175186157, 0.02122918818541768, 6.60706233, 1.66482306
0.20733068943023683, 0.021014846839966322, 6.74072435, 1.67358823
0.20777212381362914, 0.02085932369642412, 6.76334888, 1.67453832
0.20819293737411498, 0.02079351463369738, 6.78571092, 1.67456149
0.20864313364028933, 0.02079351463369738, 6.78571092, 1.67456149
0.20908533334732055, 0.02079351463369738, 6.78571092, 1.67456149
0.20951221227645872, 0.02079351463369738, 6.78571092, 1.67456149
0.20997337341308592, 0.02075588641438658, 6.80828678, 1.67538993
0.21038565397262574, 0.020459947729534265, 6.92093311, 1.66765016
0.2108412432670593, 0.020172667267375672, 6.95591725, 1.660594
0.21126103401184082, 0.020140458356413277, 6.95591725, 1.660594
0.21171759605407714, 0.020140458356413277, 6.95591725, 1.660594
0.2121277379989624, 0.020140458356413277, 6.95591725, 1.660594
0.21253146409988402, 0.020140458356413277, 6.95591725, 1.660594
0.21296573162078855, 0.0200820620097996, 6.97325375, 1.65722233
0.21341817378997802, 0.019713749527849746, 7.05414316, 1.63239831
0.2138358974456787, 0.019480981221925698, 7.07492071, 1.62591568
0.21427647352218626, 0.01941396207025601, 7.07492071, 1.62591568
0.21468896150588987, 0.01941396207025601, 7.07492071, 1.62591568
0.21512403011322023, 0.01941396207025601, 7.07492071, 1.62591568
0.21556588649749756, 0.01941396207025601, 7.07492071, 1.62591568
0.21600036144256593, 0.019379838587227992, 7.08370804, 1.6234941
0.21642121791839602, 0.01917550711386904, 7.10445167, 1.60382606
0.21685094356536866, 0.01904128647683648, 7.10418919, 1.5984789
0.21726779460906984, 0.018958608467285202, 7.10220138, 1.59261614
0.2176891803741455, 0.018958608467285202, 7.10220138, 1.59261614
0.21811669588088992, 0.018958608467285202, 7.10220138, 1.59261614
0.21854640007019044, 0.018958608467285202, 7.10220138, 1.59261614
0.21899110317230225, 0.018913778466647175, 7.09992676, 1.58627255
0.21941049337387084, 0.018499251701471445, 7.07020631, 1.52890791
0.2198523926734924, 0.018208674737761308, 7.06298873, 1.51515476
0.22029864072799682, 0.01800550029110743, 7.05295239, 1.49962309
0.22073070526123048, 0.01800550029110743, 7.05295239, 1.49962309
0.22117347717285157, 0.01800550029110743, 7.05295239, 1.49962309
0.22159720182418824, 0.01800550029110743, 7.05295239, 1.49962309
0.2220378851890564, 0.017897338542587786, 7.042425, 1.48349471
0.22244847774505616, 0.017162851131413318, 6.96899133, 1.38180601
0.22287002086639401, 0.016706144114479685, 6.95420152, 1.36418298
0.22328504800796506, 0.016530801377964182, 6.93866333, 1.34641512
0.22371847152709962, 0.01647225594682551, 6.93866333, 1.34641512
0.22415685176849368, 0.01647225594682551, 6.93866333, 1.34641512
0.224588258266449, 0.01647225594682551, 6.93866333, 1.34641512
0.22499855041503905, 0.016370069273767298, 6.92376661, 1.33071544
0.2254420518875122, 0.01581671807574207, 6.83675822, 1.25195058
0.22586270093917848, 0.015497653954893671, 6.81831354, 1.24021927
0.22629774093627927, 0.01540279616545574, 6.79796363, 1.2290557
0.22673545598983766, 0.01537235106826186, 6.79796363, 1.2290557
0.22715504646301268, 0.01537235106826186, 6.79796363, 1.2290557
0.22760130882263185, 0.01537235106826186, 6.79796363, 1.2290557
0.22802703619003295, 0.015310769512472957, 6.7773999, 1.21781682
0.22845694780349732, 0.015117133619800488, 6.66178883, 1.17750747
0.2289073657989502, 0.015021592985789249, 6.63895049, 1.17178375
0.22932664871215822, 0.014999331695830502, 6.61677793, 1.16606003
0.22975009441375732, 0.014991730570006686, 6.61677793, 1.16606003
0.23017808914184573, 0.014991730570006686, 6.61677793, 1.16606003
0.23058411836624146, 0.014991730570006686, 6.61677793, 1.16606003
0.23101473093032837, 0.014991730570006686, 6.59062978, 1.16076502
0.23144955635070802, 0.014986504780548443, 6.4451331, 1.13554126
0.23188875198364256, 0.015002686862989577, 6.42135173, 1.1330212
0.23230613231658936, 0.015033248622287658, 6.39535914, 1.13112102
0.23272186756134033, 0.015044916848950101, 6.39535914, 1.13112102
0.23317501068115237, 0.015044916848950101, 6.39535914, 1.13112102
0.233592312335968, 0.015044916848950101, 6.39535914, 1.13112102
0.23402406215667723, 0.015044916848950101, 6.39535914, 1.13112102
0.23444520473480224, 0.015335246111063449, 6.23788183, 1.13437682
0.23486653327941895, 0.015522913193261649, 6.2152573, 1.13729661
0.23530291080474855, 0.015613717691368493, 6.19233638, 1.13974135
0.2357566547393799, 0.01564343087612553, 6.19233638, 1.13974135
0.23616387128829955, 0.01564343087612553, 6.19233638, 1.13974135
0.23661272287368776, 0.01564343087612553, 6.19233638, 1.13974135
0.23703997373580932, 0.01564343087612553, 6.19233638, 1.13974135
0.23749942541122437, 0.01625910269218453, 6.04970712, 1.17653421
0.23793142557144167, 0.016606692241388686, 6.02972661, 1.18342237
0.23834078788757324, 0.016752662313300547, 6.01067437, 1.19021784
0.23876585721969606, 0.016800994307400726, 6.01067437, 1.19021784
0.23917543411254885, 0.016800994307400726, 6.01067437, 1.19021784
0.23959316492080687, 0.016800994307400726, 6.01067437, 1.19021784
0.24003816843032838, 0.016800994307400726, 6.01067437, 1.19021784
0.2404589533805847, 0.016958198931571418, 5.89244362, 1.23877096
0.24089786291122434, 0.017896574252048582, 5.87486897, 1.24449468
0.2413410210609436, 0.018033361241628153, 5.85774629, 1.25078614
0.24176224946975705, 0.01807977002084328, 5.85774629, 1.25078614
0.24221139430999755, 0.01807977002084328, 5.85774629, 1.25078614
0.24265634059906005, 0.01807977002084328, 5.85774629, 1.25078614
0.24311052799224853, 0.01807977002084328, 5.85774629, 1.25078614
0.24386181831359863, 0.01909926110075765, 5.74845844, 1.29893374
0.24428460597991944, 0.019394010820816092, 5.71614264, 1.3165336
0.24469703674316406, 0.019455145612031544, 5.71614264, 1.3165336
0.24512840032577513, 0.019455145612031544, 5.71614264, 1.3165336
0.2455455946922302, 0.019455145612031544, 5.71614264, 1.3165336
0.24598026275634766, 0.019455145612031544, 5.71614264, 1.3165336
0.24645293235778806, 0.019582671892088302, 5.7001864, 1.32622568
0.2469717788696289, 0.020935336822411138, 5.60735543, 1.3986933
0.24743472814559936, 0.021179425472955846, 5.59481591, 1.4132575
0.247875919342041, 0.021264646511910817, 5.59481591, 1.4132575
0.24831291913986203, 0.021264646511910817, 5.59481591, 1.4132575
0.24872869729995725, 0.021264646511910817, 5.59481591, 1.4132575
0.2491661477088928, 0.021264646511910817, 5.59481591, 1.4132575
0.2496092629432678, 0.022533871066238626, 5.51439322, 1.51556029
0.2500507974624634, 0.023246441340056524, 5.50135306, 1.53214053
0.2504754734039306, 0.0235366676505321, 5.48895952, 1.54859912
0.25091966867446897, 0.023633012206579065, 5.48895952, 1.54859912
0.25133410215377805, 0.023633012206579065, 5.48895952, 1.54859912
0.2517745637893677, 0.023633012206579065, 5.48895952, 1.54859912
0.2521989393234253, 0.023633012206579065, 5.48895952, 1.54859912
0.25263894319534297, 0.023942915097570554, 5.38599489, 1.65603472
0.2530477476119995, 0.02582785610642764, 5.36996565, 1.67073796
0.2534649705886841, 0.02611230965128033, 5.35130714, 1.68429993
0.25389445304870606, 0.026206742569015395, 5.35130714, 1.68429993
0.25432261943817136, 0.026206742569015395, 5.35130714, 1.68429993
0.2547688603401184, 0.026206742569015395, 5.35130714, 1.68429993
0.2551972270011902, 0.026206742569015395, 5.35130714, 1.68429993
0.25563742399215694, 0.026497523998424352, 5.23100601, 1.77137809
0.25609312057495115, 0.028263833005343846, 5.20965483, 1.78467936
0.2565343976020813, 0.028558443061605106, 5.18768651, 1.79674668
0.2569637155532837, 0.028655165053865665, 5.18768651, 1.79674668
0.257404420375824, 0.028655165053865665, 5.18768651, 1.79674668
0.2578165149688721, 0.028655165053865665, 5.18768651, 1.79674668
0.25824410915374757, 0.028655165053865665, 5.18768651, 1.79674668
0.25865186929702755, 0.028845830271195708, 5.16625275, 1.80859964
0.25909939050674435, 0.03064759569046966, 5.00131012, 1.86893042
0.2595176148414612, 0.030917259877734735, 4.97320808, 1.87646163
0.259956488609314, 0.031008299053146532, 4.97320808, 1.87646163
0.2603718590736389, 0.031008299053146532, 4.97320808, 1.87646163
0.26082634687423706, 0.031008299053146532, 4.97320808, 1.87646163
0.2612676239013672, 0.031008299053146532, 4.97320808, 1.87646163
0.2617263531684876, 0.0316252792858234, 4.77550725, 1.90976116
0.262167329788208, 0.03283904018687432, 4.74621444, 1.91187569
0.2625826859474182, 0.033068677983058764, 4.71567262, 1.91467962
0.263021080493927, 0.033147551998843075, 4.71567262, 1.91467962
0.26342889070510866, 0.033147551998843075, 4.71567262, 1.91467962
0.26387405157089233, 0.033147551998843075, 4.71567262, 1.91467962
0.26430322647094723, 0.033147551998843075, 4.71567262, 1.91467962
0.26473327398300167, 0.03335502554239844, 4.68587918, 1.91631911
0.2651674342155456, 0.03457226728986626, 4.49487097, 1.91569923
0.2655904150009155, 0.03474449515481528, 4.46780411, 1.91515467
0.26604870080947873, 0.03480408512112319, 4.46780411, 1.91515467
0.26649749517440796, 0.03480408512112319, 4.46780411, 1.91515467
0.26693334341049196, 0.03480408512112319, 4.46780411, 1.91515467
0.26737180233001706, 0.03480408512112319, 4.46780411, 1.91515467
0.2677978157997131, 0.03498100083433518, 4.30838766, 1.91579772
0.2682328271865845, 0.03608089640109061, 4.28788218, 1.91755307
0.2686578965187073, 0.03626608919252099, 4.26853354, 1.92004995
0.2690851044654846, 0.036328387183560525, 4.26853354, 1.92004995
0.26952256202697755, 0.036328387183560525, 4.26853354, 1.92004995
0.2699481177330017, 0.036328387183560525, 4.26853354, 1.92004995
0.2703719139099121, 0.036328387183560525, 4.26853354, 1.92004995
0.27078708410263064, 0.036437740073263024, 4.2517316, 1.92225718
0.2712259864807129, 0.037592094254103856, 4.15876939, 1.94812398
0.2716609907150268, 0.03775747211864772, 4.14807684, 1.95259057
0.2720666694641113, 0.03781108917170367, 4.14807684, 1.95259057
0.27249457836151125, 0.03781108917170367, 4.14807684, 1.95259057
0.27291574239730837, 0.03781108917170367, 4.14807684, 1.95259057
0.27334799289703365, 0.03781108917170367, 4.14807684, 1.95259057
0.27379868268966673, 0.037924056760278296, 4.13818133, 1.95790876
0.2745662236213684, 0.03905221720268572, 4.09594568, 2.00080769
0.27497871160507203, 0.03922228576350372, 4.09250463, 2.00916733
0.27540722131729123, 0.03922228576350372, 4.09250463, 2.00916733
0.27582626104354857, 0.03922228576350372, 4.09250463, 2.00916733
0.2762301158905029, 0.03922228576350372, 4.09250463, 2.00916733
0.2766609501838684, 0.039360009966402994, 4.08877677, 2.01954881
0.2770751619338989, 0.04011713089568383, 4.08514622, 2.07916703
0.2774898314476013, 0.04055707433694395, 4.08684721, 2.08864476
0.27792984962463374, 0.0406917286961743, 4.09009877, 2.0981225
0.278346586227417, 0.04073510236895334, 4.09009877, 2.0981225
0.2787693166732788, 0.04073510236895334, 4.09009877, 2.0981225
0.2792019748687744, 0.04073510236895334, 4.09009877, 2.0981225
0.2796303129196167, 0.04079826199002518, 4.09518256, 2.1064358
0.2800453329086304, 0.04111696293668839, 4.12495168, 2.14795593
0.28046407938003537, 0.041315365706306784, 4.129394, 2.15529596
0.28088738918304446, 0.04136946800552494, 4.13447779, 2.16039981
0.28131988286972043, 0.04138280860474534, 4.13447779, 2.16039981
0.28173815727233886, 0.04138280860474534, 4.13447779, 2.16039981
0.2821856069564819, 0.04138280860474534, 4.13447779, 2.16039981
0.2826215767860413, 0.04138280860474534, 4.13958591, 2.16738645
0.2830453658103943, 0.04175547350960546, 4.17771471, 2.21551088
0.28345787525177, 0.041953612634994426, 4.18737207, 2.22503496
0.2838999605178833, 0.04201831343102935, 4.19854092, 2.23484291
0.28433174610137935, 0.04203891445976725, 4.19854092, 2.23484291
0.28475735902786253, 0.04203891445976725, 4.19854092, 2.23484291
0.2851907682418823, 0.04203891445976725, 4.19854092, 2.23484291
0.28562460660934447, 0.04203891445976725, 4.21108045, 2.24510274
0.2860573005676269, 0.04220794435318989, 4.30089801, 2.30379983
0.28647134065628055, 0.04227531096768582, 4.32021272, 2.31524726
0.28690722465515134, 0.04229547837207707, 4.34133534, 2.3279808
0.28732326745986936, 0.04230272479489505, 4.34133534, 2.3279808
0.2877670335769653, 0.04230272479489505, 4.34133534, 2.3279808
0.2881985330581665, 0.04230272479489505, 4.34133534, 2.3279808
0.28865565299987794, 0.04230272479489505, 4.34133534, 2.3279808
0.28906855583190916, 0.042339561791552155, 4.47976042, 2.40536687
0.2895143318176269, 0.04234282639274475, 4.50402769, 2.41769488
0.2899310326576233, 0.04232864478950265, 4.52778473, 2.42935667
0.29034077405929565, 0.04232328722633767, 4.52778473, 2.42935667
0.29077571392059326, 0.04232328722633767, 4.52778473, 2.42935667
0.2911902260780334, 0.04232328722633767, 4.52778473, 2.42935667
0.2915988087654114, 0.04232328722633767, 4.52778473, 2.42935667
0.2920663356781006, 0.04228991642964592, 4.55327668, 2.44075776
0.2924799466133118, 0.041944756091134766, 4.72943683, 2.5086661
0.2929216456413269, 0.041870594227154945, 4.75605171, 2.51809749
0.2933597040176391, 0.04184855664573897, 4.75605171, 2.51809749
0.2937754607200623, 0.04184855664573897, 4.75605171, 2.51809749
0.2942347979545593, 0.04184855664573897, 4.75605171, 2.51809749
0.29465026140213013, 0.04184855664573897, 4.75605171, 2.51809749
0.2950772762298584, 0.04176033658712399, 4.78492646, 2.52710018
0.2955007147789001, 0.041228975934971206, 4.96836244, 2.58296438
0.295932035446167, 0.04115437050705442, 4.99572569, 2.59172954
0.29638042926788327, 0.04112970880577509, 4.99572569, 2.59172954
0.296785786151886, 0.04112970880577509, 4.99572569, 2.59172954
0.2972069001197815, 0.04112970880577509, 4.99572569, 2.59172954
0.2976392650604248, 0.04112970880577509, 4.99572569, 2.59172954
0.29809137821197507, 0.04107901146165063, 5.02587378, 2.60172867
0.29853123903274537, 0.04077804013283917, 5.20163063, 2.67080145
0.29894564390182493, 0.04074888867975742, 5.22648111, 2.68139728
0.2993726658821106, 0.04073950129912525, 5.22648111, 2.68139728
0.2997961688041687, 0.04073950129912525, 5.22648111, 2.68139728
0.30022969245910647, 0.04073950129912525, 5.22648111, 2.68139728
0.30066669940948487, 0.04073950129912525, 5.22648111, 2.68139728
0.30108636140823364, 0.04072031672692265, 5.25146283, 2.69199311
0.3015014386177063, 0.04057259503572484, 5.37499119, 2.74441612
0.3019238972663879, 0.04054021509684683, 5.4120118, 2.76059084
0.3023415780067444, 0.04053823001389706, 5.4120118, 2.76059084
0.3027762460708618, 0.04053823001389706, 5.4120118, 2.76059084
0.3031895995140076, 0.04053823001389706, 5.4120118, 2.76059084
0.30360492706298825, 0.04053823001389706, 5.4120118, 2.76059084
0.3040597367286682, 0.040522299557171244, 5.42929005, 2.76750218
0.3044892835617065, 0.04041051360012117, 5.50798742, 2.79505482
0.30491597652435304, 0.04033165928130715, 5.52060953, 2.79928388
0.3053328204154968, 0.04027952410095723, 5.53365927, 2.80168228
0.3057891821861267, 0.04027952410095723, 5.53365927, 2.80168228
0.30622470140457153, 0.04027952410095723, 5.53365927, 2.80168228
0.3066625380516052, 0.04027952410095723, 5.53365927, 2.80168228
0.3070969271659851, 0.04023016425738441, 5.54710275, 2.80248754
0.3075517725944519, 0.03994643699479791, 5.61497632, 2.80498443
0.30798269271850587, 0.03973604709434532, 5.6349325, 2.80735965
0.30840886354446406, 0.03972417208713913, 5.6349325, 2.80735965
0.30884504079818725, 0.03972417208713913, 5.6349325, 2.80735965
0.3092694878578186, 0.03972417208713913, 5.6349325, 2.80735965
0.3097056794166565, 0.03972417208713913, 5.6349325, 2.80735965
0.3101315355300903, 0.039712544661028755, 5.64318528, 2.81004192
0.310555202960968, 0.03979648065965728, 5.67322646, 2.83609991
0.31134244203567507, 0.03992736786955838, 5.67650235, 2.8448419
0.31177210330963134, 0.03992736786955838, 5.67650235, 2.8448419
0.3121997547149658, 0.03992736786955838, 5.67650235, 2.8448419
0.31262673377990724, 0.03992736786955838, 5.67650235, 2.8448419
0.313077917098999, 0.03996006136176083, 5.67660926, 2.84894931
0.3135144948959351, 0.040135961248270714, 5.66470162, 2.8627488
0.31394152402877806, 0.04023710456990275, 5.65842706, 2.86222741
0.31436480522155763, 0.04024985969798867, 5.65266273, 2.85956831
0.3147798752784729, 0.04025089557417471, 5.65266273, 2.85956831
0.3151940083503723, 0.04025089557417471, 5.65266273, 2.85956831
0.31563118696212766, 0.04025089557417471, 5.65266273, 2.85956831
0.31605660676956177, 0.0402653532617801, 5.64461419, 2.85728578
0.31648094654083253, 0.04019348578271928, 5.58570785, 2.81778748
0.31691327571868894, 0.040122536784941654, 5.57083546, 2.80645591
0.31735265016555786, 0.04007087463794361, 5.55697393, 2.79510116
0.31779838323593135, 0.040052893773531044, 5.55697393, 2.79510116
0.31821471214294433, 0.040052893773531044, 5.55697393, 2.79510116
0.3186478567123413, 0.040052893773531044, 5.55697393, 2.79510116
0.31907135963439937, 0.04001730771389232, 5.54231536, 2.7834162
0.31949994087219236, 0.03967810848031527, 5.45652206, 2.70210811
0.3199209475517273, 0.03943558169396254, 5.44286477, 2.68567269
0.3203402805328369, 0.03930654619010833, 5.42725359, 2.66759779
0.3207694053649902, 0.0392624843592997, 5.42725359, 2.66759779
0.3211794257164001, 0.0392624843592997, 5.42725359, 2.66759779
0.32159857988357543, 0.0392624843592997, 5.42725359, 2.66759779
0.3220444989204406, 0.0392624843592997, 5.42725359, 2.66759779
0.3224764347076416, 0.038578623663095786, 5.34215042, 2.5517562
0.3229083061218262, 0.03818780631154271, 5.32994638, 2.53332212
0.32332082271575924, 0.03802166699473544, 5.3173486, 2.51472583
0.32375882387161253, 0.03796620395582364, 5.3173486, 2.51472583
0.3242221021652222, 0.03796620395582364, 5.3173486, 2.51472583
0.3246440958976745, 0.03796620395582364, 5.3173486, 2.51472583
0.32509300470352176, 0.03796620395582364, 5.3173486, 2.51472583
0.3255094408988953, 0.037435946632242464, 5.23947261, 2.38679375
0.32593364477157594, 0.03660151805174432, 5.22767187, 2.36652901
0.32635050296783447, 0.03639197833923319, 5.21573989, 2.34558066
0.326781530380249, 0.036321030003086924, 5.21573989, 2.34558066
0.32720343112945555, 0.036321030003086924, 5.21573989, 2.34558066
0.3276466965675354, 0.036321030003086924, 5.21573989, 2.34558066
0.3280694699287415, 0.036321030003086924, 5.21573989, 2.34558066
0.3285052466392517, 0.036125970812862826, 5.20311779, 2.32572144
0.32892762660980224, 0.03505785905208869, 5.10697701, 2.20322922
0.32938040494918824, 0.03490272534865134, 5.0918908, 2.18603489
0.32980655431747435, 0.03485199969796862, 5.0918908, 2.18603489
0.33024656534194946, 0.03485199969796862, 5.0918908, 2.18603489
0.33069299221038817, 0.03485199969796862, 5.0918908, 2.18603489
0.33112949848175044, 0.03485199969796862, 5.0918908, 2.18603489
0.33157835721969603, 0.03421651676016796, 5.00429919, 2.08821606
0.33199161052703857, 0.03389480498941489, 4.9941412, 2.07577219
0.33241409063339233, 0.033779565299599516, 4.98342432, 2.06365853
0.3328346681594848, 0.03374200052644006, 4.98342432, 2.06365853
0.33326785564422606, 0.03374200052644006, 4.98342432, 2.06365853
0.3336864304542541, 0.03374200052644006, 4.98342432, 2.06365853
0.33412062644958496, 0.03374200052644006, 4.98342432, 2.06365853
0.3345353603363037, 0.03365528664054465, 4.97217288, 2.05018925
0.33498503446578975, 0.03277378121169667, 4.91440864, 1.96686511
0.3353978872299194, 0.03259598894508747, 4.90615587, 1.95137978
0.33582952260971066, 0.03253462270551778, 4.90615587, 1.95137978
0.3362536764144898, 0.03253462270551778, 4.90615587, 1.95137978
0.3366648483276367, 0.03253462270551778, 4.90615587, 1.95137978
0.33708380222320555, 0.03253462270551778, 4.90615587, 1.95137978
0.3375063610076904, 0.03239678922232153, 4.9004402, 1.93546576
0.3379324817657471, 0.03149281595948121, 4.86873195, 1.84137778
0.3383452773094177, 0.030762451964728342, 4.8605035, 1.80788707
0.3387781286239624, 0.030604380737847416, 4.8605035, 1.80788707
0.3392086410522461, 0.030604380737847416, 4.8605035, 1.80788707
0.3396305632591247, 0.030604380737847416, 4.8605035, 1.80788707
0.3400490593910217, 0.030604380737847416, 4.8605035, 1.80788707
0.3404656457901001, 0.03043615918575269, 4.85780124, 1.79066378
0.3409015369415283, 0.02945344332002775, 4.85487041, 1.70358562
0.34170296669006345, 0.028572846886699796, 4.8559786, 1.67665285
0.34214016675949094, 0.028572846886699796, 4.8559786, 1.67665285
0.34257690906524657, 0.028572846886699796, 4.8559786, 1.67665285
0.3430142879486084, 0.028572846886699796, 4.8559786, 1.67665285
0.34346092224121094, 0.028419114411870585, 4.85690688, 1.66240149
0.3438748478889465, 0.027509346209475424, 4.86786191, 1.58748334
0.3443436193466186, 0.026946144719879328, 4.86913526, 1.57411254
0.3447697401046753, 0.026655889301454728, 4.87061284, 1.56102562
0.3452193427085876, 0.026655889301454728, 4.87061284, 1.56102562
0.34564647912979124, 0.026655889301454728, 4.87061284, 1.56102562
0.3460513210296631, 0.026655889301454728, 4.87061284, 1.56102562
0.3464682579040527, 0.026655889301454728, 4.87061284, 1.56102562
0.34689825534820556, 0.025309527445764434, 4.87336376, 1.46401785
0.347313289642334, 0.024918736952897577, 4.87394698, 1.44912343
0.34773071289062496, 0.024696033352285957, 4.87304303, 1.43577581
0.3481423926353454, 0.024625337886681656, 4.87304303, 1.43577581
0.3485740637779236, 0.024625337886681656, 4.87304303, 1.43577581
0.34898683786392215, 0.024625337886681656, 4.87304303, 1.43577581
0.34941059827804566, 0.024625337886681656, 4.87304303, 1.43577581
0.34985252618789675, 0.023810413756001625, 4.86574287, 1.35871996
0.35029977560043335, 0.023208860117967856, 4.86097981, 1.34556351
0.3507150387763977, 0.023027268133594434, 4.85822889, 1.33375689
0.3511656928062439, 0.023027268133594434, 4.85822889, 1.33375689
0.3515899109840393, 0.023027268133594434, 4.85822889, 1.33375689
0.35200752019882203, 0.023027268133594434, 4.85822889, 1.33375689
0.35243409872055054, 0.023027268133594434, 4.85822889, 1.33375689
0.35285331726074215, 0.022183405035307923, 4.83861777, 1.25755843
0.3532750606536865, 0.02174425448498152, 4.83729576, 1.2473913
0.3537248492240906, 0.021595288708625298, 4.83626057, 1.23862613
0.3541403770446777, 0.021548067633674083, 4.83626057, 1.23862613
0.3545663261413574, 0.021548067633674083, 4.83626057, 1.23862613
0.3550032043457031, 0.021548067633674083, 4.83626057, 1.23862613
0.3554364490509033, 0.021548067633674083, 4.83626057, 1.23862613
0.35587116718292233, 0.020996513432426117, 4.83803455, 1.19382702
0.3562849283218384, 0.020736472931178154, 4.83718885, 1.18864787
0.356738007068634, 0.020670105227228956, 4.83753392, 1.18527621
0.3571724820137024, 0.020650798519531024, 4.83753392, 1.18527621
0.35759979724884033, 0.020650798519531024, 4.83753392, 1.18527621
0.3580140018463135, 0.020650798519531024, 4.83753392, 1.18527621
0.35843204021453856, 0.020650798519531024, 4.83753392, 1.18527621
0.35885781049728394, 0.020590347780155366, 4.83364089, 1.17076414
0.35931754827499385, 0.02042066177368066, 4.83281952, 1.17033544
0.35973936319351196, 0.020425603469707815, 4.82954363, 1.17009792
0.3601782155036926, 0.02042871755598321, 4.82954363, 1.17009792
0.36059435129165646, 0.02042871755598321, 4.82954363, 1.17009792
0.36102344036102296, 0.02042871755598321, 4.82954363, 1.17009792
0.36143468379974364, 0.02042871755598321, 4.82954363, 1.17009792
0.36196716308593746, 0.020554527033146596, 4.79148783, 1.17128554
0.36240746021270753, 0.020629476245609055, 4.78252059, 1.17126236
0.3628257417678833, 0.020636892230746617, 4.7729119, 1.16848161
0.36328405618667603, 0.020634471238733916, 4.7729119, 1.16848161
0.36372655630111694, 0.020634471238733916, 4.7729119, 1.16848161
0.3641448092460632, 0.020634471238733916, 4.7729119, 1.16848161
0.3645964503288269, 0.020645995567886405, 4.76256441, 1.16696378
0.3650072145462036, 0.020562009737291078, 4.71287304, 1.14696552
0.3654367399215698, 0.020487101466502778, 4.70506265, 1.14245259
0.3658694124221802, 0.020431266336173058, 4.69969205, 1.13760365
0.36630577564239497, 0.020410857339308825, 4.69969205, 1.13760365
0.36673922777175905, 0.020410857339308825, 4.69969205, 1.13760365
0.3671575021743774, 0.020410857339308825, 4.69969205, 1.13760365
0.3675848889350891, 0.020410857339308825, 4.69458393, 1.13354259
0.3680277895927429, 0.020305620408835656, 4.69209549, 1.12805639
0.36844337463378907, 0.02029535700148824, 4.69579902, 1.13050114
0.3688765406608582, 0.020334432004131164, 4.70231173, 1.13468386
0.36930828332901, 0.020349487537474422, 4.70231173, 1.13468386
0.36973735094070437, 0.020349487537474422, 4.70231173, 1.13468386
0.37015825748443604, 0.020349487537474422, 4.70231173, 1.13468386
0.3705725049972534, 0.020349487537474422, 4.70231173, 1.13468386
0.37100449085235593, 0.02040216337480053, 4.76676859, 1.17202128
0.37143858671188357, 0.02076281584095803, 4.77976967, 1.17898475
0.3718589997291565, 0.02082750358174863, 4.79053521, 1.18549055
0.37232060432434083, 0.0208492044783977, 4.79053521, 1.18549055
0.3727369260787964, 0.0208492044783977, 4.79053521, 1.18549055
0.37314879179000854, 0.0208492044783977, 4.79053521, 1.18549055
0.37360831499099734, 0.0208492044783977, 4.79053521, 1.18549055
0.3740543556213379, 0.02089030955476811, 4.87572096, 1.22836631
0.37448129177093503, 0.02123672178260306, 4.88844997, 1.23392202
0.3749046230316162, 0.02127976539245067, 4.90178654, 1.2400281
0.37532246112823486, 0.021294816271182612, 4.90178654, 1.2400281
0.37574774503707886, 0.021294816271182612, 4.90178654, 1.2400281
0.37616237163543703, 0.021294816271182612, 4.90178654, 1.2400281
0.37657764911651614, 0.021294816271182612, 4.90178654, 1.2400281
0.3770523929595947, 0.02133172634386766, 5.00303544, 1.24598934
0.37748505115509035, 0.021489297394778176, 5.02049359, 1.28259102
0.3779108858108521, 0.021506747494390924, 5.03769885, 1.28796135
0.3783360481262207, 0.02151195146759524, 5.03769885, 1.28796135
0.3787588715553284, 0.02151195146759524, 5.03769885, 1.28796135
0.37919260978698727, 0.02151195146759524, 5.03769885, 1.28796135
0.37960697174072267, 0.02151195146759524, 5.03769885, 1.28796135
0.38004269838333127, 0.02153045490807485, 5.05532216, 1.29420646
0.38049979686737057, 0.021851105248932752, 5.16733661, 1.34427741
0.3809300446510315, 0.021917400464659495, 5.1845662, 1.35301941
0.38134820461273194, 0.02193944171090086, 5.1845662, 1.35301941
0.38177574157714844, 0.02193944171090086, 5.1845662, 1.35301941
0.38221251249313354, 0.02193944171090086, 5.1845662, 1.35301941
0.382653603553772, 0.02193944171090086, 5.1845662, 1.35301941
0.38306790113449096, 0.02199581817198548, 5.20192703, 1.36301854
0.3835283827781677, 0.02268517257197145, 5.30645182, 1.43700977
0.38396106243133543, 0.022813778690409906, 5.32171794, 1.44962165
0.3844058299064636, 0.022856280875842353, 5.32171794, 1.44962165
0.3848335456848144, 0.022856280875842353, 5.32171794, 1.44962165
0.3852535223960877, 0.022856280875842353, 5.32171794, 1.44962165
0.38567513704299927, 0.022856280875842353, 5.32171794, 1.44962165
0.3861222219467163, 0.022947228372647514, 5.33608969, 1.46263906
0.38656030178070067, 0.023826454523549687, 5.42119285, 1.54620072
0.3869868016242981, 0.023965250016806862, 5.43275544, 1.55841287
0.38743729114532466, 0.02400870185175228, 5.43275544, 1.55841287
0.38786022186279295, 0.02400870185175228, 5.43275544, 1.55841287
0.3883247375488281, 0.02400870185175228, 5.43275544, 1.55841287
0.38873624563217163, 0.02400870185175228, 5.43275544, 1.55841287
0.38915689468383785, 0.024109369020681587, 5.4431855, 1.57176049
0.38996639251708987, 0.02524182726737657, 5.49332885, 1.6614514
0.3903771781921387, 0.02543745812050556, 5.49854389, 1.6766992
0.39082654476165773, 0.02543745812050556, 5.49854389, 1.6766992
0.3912723922729492, 0.02543745812050556, 5.49854389, 1.6766992
0.39170894145965574, 0.02543745812050556, 5.49854389, 1.6766992
0.39214497566223144, 0.026278398399835347, 5.50338952, 1.76686515
0.39255503177642825, 0.026796349661586377, 5.52736039, 1.78494006
0.3929654383659363, 0.02702152584539897, 5.53136032, 1.80505997
0.3933889842033386, 0.02728190883504141, 5.5345293, 1.82451367
0.3938215637207031, 0.027367991424170256, 5.5345293, 1.82451367
0.3942486071586609, 0.027367991424170256, 5.5345293, 1.82451367
0.3946952199935913, 0.027367991424170256, 5.5345293, 1.82451367
0.39511757135391234, 0.02848661941762022, 5.53669701, 1.94586462
0.3955671310424805, 0.029269327513386848, 5.53413558, 1.96924034
0.3960125708580017, 0.0295898674262684, 5.53175405, 1.99113877
0.3964187932014465, 0.02991204714264849, 5.52881364, 2.01384827
0.39685473442077634, 0.03002092628499835, 5.52881364, 2.01384827
0.3972920489311218, 0.03002092628499835, 5.52881364, 2.01384827
0.3977474737167358, 0.03002092628499835, 5.52881364, 2.01384827
0.3981852173805237, 0.03127101311536771, 5.5048671, 2.14227856
0.398609607219696, 0.03213732407039032, 5.49470911, 2.16501122
0.39901459217071533, 0.03248310290890923, 5.48841022, 2.18748319
0.3994556760787964, 0.032820128200678485, 5.48012353, 2.20909777
0.3998576855659485, 0.032932354579413126, 5.48012353, 2.20909777
0.40029783964157106, 0.032932354579413126, 5.48012353, 2.20909777
0.40072622060775764, 0.032932354579413126, 5.48012353, 2.20909777
0.40186064481735234, 0.035234441549708416, 5.42796805, 2.38455756
0.40228991985321044, 0.035824233987111, 5.42511021, 2.41156564
0.4027022504806519, 0.03594909818604088, 5.42511021, 2.41156564
0.4031183505058289, 0.03594909818604088, 5.42511021, 2.41156564
0.4035404229164124, 0.03594909818604088, 5.42511021, 2.41156564
0.4039703559875488, 0.03594909818604088, 5.42511021, 2.41156564
0.4044022345542908, 0.0375260216863958, 5.41624031, 2.58840423
0.4048279190063477, 0.0386353959573609, 5.41192922, 2.62367925
0.4052532958984375, 0.03913035179032651, 5.40673852, 2.66025776
0.4056732153892518, 0.03929760157661241, 5.40673852, 2.66025776
0.40610129594802863, 0.03929760157661241, 5.40673852, 2.66025776
0.40651499271392827, 0.03929760157661241, 5.40673852, 2.66025776
0.4069630289077759, 0.03929760157661241, 5.40673852, 2.66025776
0.4073783922195434, 0.03963771048990282, 5.4025926, 2.69816871
0.40781579256057743, 0.042945455620547204, 5.35620144, 2.93785813
0.40824522495269777, 0.04343783224946873, 5.34590262, 2.97127932
0.40869027137756353, 0.04359828535957146, 5.34590262, 2.97127932
0.4091084384918213, 0.04359828535957146, 5.34590262, 2.97127932
0.40955650329589843, 0.04359828535957146, 5.34590262, 2.97127932
0.4099812150001526, 0.04359828535957146, 5.34590262, 2.97127932
0.4104136729240418, 0.04392392030462096, 5.33651733, 3.00588812
0.41116752386093147, 0.04714128593303547, 5.24137783, 3.24070544
0.4115997099876404, 0.047592296365339, 5.24137783, 3.24070544
0.4120362949371338, 0.047592296365339, 5.24137783, 3.24070544
0.4124748182296753, 0.047592296365339, 5.24137783, 3.24070544
0.41290003061294556, 0.047592296365339, 5.24137783, 3.24070544
0.41335443973541264, 0.04789022583792273, 5.22557716, 3.26861726
0.41378351449966433, 0.04958248452386269, 5.13968654, 3.41084704
0.4142416572570801, 0.050870088412312664, 5.10959669, 3.4580909
0.41465384483337403, 0.05113424207251223, 5.10959669, 3.4580909
0.41509091615676885, 0.05113424207251223, 5.10959669, 3.4580909
0.41554065465927126, 0.05113424207251223, 5.10959669, 3.4580909
0.415958936214447, 0.05113424207251223, 5.10959669, 3.4580909
0.4164015364646912, 0.051383067771341856, 5.09565258, 3.48101474
0.4168105411529541, 0.05265052248717815, 5.02514974, 3.58193874
0.4172386646270752, 0.05365447673912671, 5.00218015, 3.61113086
0.41766695261001585, 0.05373892073205376, 5.00218015, 3.61113086
0.41809570550918584, 0.05373892073205376, 5.00218015, 3.61113086
0.418530387878418, 0.05373892073205376, 5.00218015, 3.61113086
0.4189459586143494, 0.05373892073205376, 5.00218015, 3.61113086
0.4194057464599609, 0.053901404969981415, 4.99033075, 3.62414827
0.41982716083526617, 0.0546468953354647, 4.93430657, 3.6715833
0.4202562642097473, 0.05506803771926076, 4.92536367, 3.67683198
0.420688099861145, 0.05521217079977852, 4.9176602, 3.67996612
0.4211071109771729, 0.05521217079977852, 4.9176602, 3.67996612
0.421527259349823, 0.05521217079977852, 4.9176602, 3.67996612
0.42196365833282473, 0.05521217079977852, 4.9176602, 3.67996612
0.42239994287490845, 0.05527765528832821, 4.91030179, 3.68322192
0.4228420925140381, 0.055564160124705414, 4.86968456, 3.68657041
0.4232613968849182, 0.055738597884436636, 4.85346583, 3.68196478
0.42369468450546266, 0.055777342740779876, 4.85346583, 3.68196478
0.4241501808166504, 0.055777342740779876, 4.85346583, 3.68196478
0.4245812654495239, 0.055777342740779876, 4.85346583, 3.68196478
0.4250175857543946, 0.055777342740779876, 4.85346583, 3.68196478
0.4254582762718201, 0.05579577191709504, 4.84465417, 3.67773572
0.42587057113647464, 0.05604772472620528, 4.79336872, 3.67091708
0.4267397713661194, 0.05636871488428872, 4.77516219, 3.67460158
0.4271653699874878, 0.05636871488428872, 4.77516219, 3.67460158
0.4276032423973084, 0.05636871488428872, 4.77516219, 3.67460158
0.42801590204238893, 0.05636871488428872, 4.77516219, 3.67460158
0.42844012022018435, 0.05644356384336735, 4.76639919, 3.67778207
0.42884399652481087, 0.056905699912209444, 4.72372116, 3.70103612
0.4292730212211609, 0.05720124823832416, 4.71530323, 3.70550271
0.4296818971633911, 0.057325917424428635, 4.70668106, 3.70977812
0.43008884191513064, 0.05736745388461503, 4.70668106, 3.70977812
0.43052412509918214, 0.05736745388461503, 4.70668106, 3.70977812
0.43097171783447263, 0.05736745388461503, 4.70668106, 3.70977812
0.4313959860801697, 0.05744803184191574, 4.69807364, 3.71371752
0.43182273626327516, 0.05795895861328983, 4.6428465, 3.73243547
0.43226552248001104, 0.05826848602460329, 4.63255726, 3.73405179
0.4327037596702576, 0.058363381209219314, 4.62294857, 3.73400544
0.43312510251998904, 0.05839227667278943, 4.62294857, 3.73400544
0.433538613319397, 0.05839227667278943, 4.62294857, 3.73400544
0.43394768953323365, 0.05839227667278943, 4.62294857, 3.73400544
0.434361035823822, 0.05839227667278943, 4.62294857, 3.73400544
0.4347988653182983, 0.05875106426007495, 4.56094623, 3.72797468
0.4352361512184143, 0.05895632209130873, 4.55176518, 3.72897112
0.4356786942481995, 0.05903847397285996, 4.54321601, 3.72861194
0.43608900785446164, 0.05906352770614066, 4.54321601, 3.72861194
0.436531286239624, 0.05906352770614066, 4.54321601, 3.72861194
0.4369510126113892, 0.05906352770614066, 4.54321601, 3.72861194
0.43740447044372555, 0.059117376729081905, 4.53466683, 3.72873359
0.4378399538993835, 0.05927091306519362, 4.4977288, 3.71504997
0.4382778906822205, 0.05931831214985861, 4.49288316, 3.70894969
0.4387366700172424, 0.05928633534723141, 4.48761947, 3.70144165
0.4391510033607483, 0.059274323652831716, 4.48761947, 3.70144165
0.4395680403709412, 0.059274323652831716, 4.48761947, 3.70144165
0.43998916864395143, 0.059274323652831716, 4.48761947, 3.70144165
0.4404142737388611, 0.059274323652831716, 4.48761947, 3.70144165
0.44083216905593875, 0.05886080783743565, 4.46642386, 3.63267592
0.44125637292861947, 0.058589415406847714, 4.46515052, 3.61944416
0.4416729164123535, 0.05844334102045365, 4.46406666, 3.60581267
0.44210058927536017, 0.05839388291127032, 4.46406666, 3.60581267
0.44255603551864625, 0.05839388291127032, 4.46406666, 3.60581267
0.44300670385360724, 0.05839388291127032, 4.46406666, 3.60581267
0.44342690229415893, 0.05839388291127032, 4.46406666, 3.60581267
0.4445620059967041, 0.05725886561395596, 4.45549316, 3.50267566
0.4449915885925293, 0.05711017106944574, 4.45459879, 3.48951921
0.445420835018158, 0.05711017106944574, 4.45459879, 3.48951921
0.44584955215454103, 0.05711017106944574, 4.45459879, 3.48951921
0.4462891268730164, 0.05711017106944574, 4.45459879, 3.48951921
0.4467313122749329, 0.056451917337945176, 4.45192086, 3.40562154
0.4471591353416443, 0.05604053701945415, 4.4443243, 3.38970752
0.4475928163528443, 0.055864597910076495, 4.44411048, 3.37303458
0.44801852941513065, 0.05579719171857284, 4.44411048, 3.37303458
0.4484440422058106, 0.05579719171857284, 4.44411048, 3.37303458
0.44888805150985717, 0.05579719171857284, 4.44411048, 3.37303458
0.4493302726745606, 0.05579719171857284, 4.44411048, 3.37303458
0.4497776293754578, 0.055653821733594074, 4.44475195, 3.35602563
0.45021003007888794, 0.0546883523005161, 4.44940809, 3.25182266
0.45062871932983406, 0.053895123950193746, 4.44999131, 3.21949639
0.45109129667282105, 0.05382769056948475, 4.44999131, 3.21949639
0.45150790452957157, 0.05382769056948475, 4.44999131, 3.21949639
0.451917474269867, 0.05382769056948475, 4.44999131, 3.21949639
0.4523400831222535, 0.05382769056948475, 4.44999131, 3.21949639
0.45278136014938364, 0.05369375892649696, 4.44949067, 3.20331588
0.4532404685020447, 0.053004061956580084, 4.43873988, 3.12289415
0.4539901781082154, 0.052421685252427234, 4.4317022, 3.09709686
0.4544273710250855, 0.052421685252427234, 4.4317022, 3.09709686
0.4548651862144471, 0.052421685252427234, 4.4317022, 3.09709686
0.45528431892395027, 0.052421685252427234, 4.4317022, 3.09709686
0.45573806285858154, 0.05233845295112529, 4.42815424, 3.08505272
0.4561731600761414, 0.052036262792884896, 4.38692945, 3.02679013
0.4566057896614075, 0.05188950040804799, 4.37664022, 3.01783378
0.45706407546997074, 0.051865626063312076, 4.36631706, 3.00954366
0.45747262954711915, 0.051865626063312076, 4.36631706, 3.00954366
0.457899272441864, 0.051865626063312076, 4.36631706, 3.00954366
0.4583604192733765, 0.051865626063312076, 4.36631706, 3.00954366
0.45879789829254153, 0.05186769940983316, 4.35454066, 3.00165906
0.45924966812133794, 0.05185872877408457, 4.29277648, 2.95797805
0.45967224836349485, 0.05184634961412918, 4.2820596, 2.94978062
0.4601060009002686, 0.05182932262505194, 4.27303412, 2.94258541
0.4605486369132996, 0.05182932262505194, 4.27303412, 2.94258541
0.46098865509033204, 0.05182932262505194, 4.27303412, 2.94258541
0.4614047622680665, 0.05182932262505194, 4.27303412, 2.94258541
0.46185113906860353, 0.05182248157790448, 4.2638774, 2.93552925
0.46228831052780156, 0.05179116886001238, 4.21775831, 2.90075244
0.4627164053916932, 0.05178431397060059, 4.20997226, 2.8959093
0.4631433057785035, 0.05178390895706832, 4.20338656, 2.89135002
0.46357521295547494, 0.05178390895706832, 4.20338656, 2.89135002
0.46400023937225343, 0.05178390895706832, 4.20338656, 2.89135002
0.4644186353683472, 0.05178390895706832, 4.20338656, 2.89135002
0.4648592329025269, 0.051773868185491664, 4.1977778, 2.88640839
0.4652588748931885, 0.05172984424398336, 4.17557133, 2.86695469
0.46568563222885134, 0.05170508893537655, 4.17334538, 2.86486333
0.466097354888916, 0.05169391174539016, 4.1727135, 2.86351351
0.4665333461761475, 0.05168963653308367, 4.1727135, 2.86351351
0.46695287227630616, 0.05168963653308367, 4.1727135, 2.86351351
0.46739838361740116, 0.05168963653308367, 4.1727135, 2.86351351
0.46782737970352173, 0.05167118516762609, 4.17178522, 2.86090076
0.4682520198822022, 0.051484948494879015, 4.17607197, 2.84491142
0.46867805480957037, 0.05135398294161814, 4.17773904, 2.84151658
0.4691126513481141, 0.05127672939623695, 4.18065512, 2.83752504
0.4695369839668274, 0.0512487176381093, 4.18065512, 2.83752504
0.4699600505828858, 0.0512487176381093, 4.18065512, 2.83752504
0.4704190444946289, 0.0512487176381093, 4.18065512, 2.83752504
0.47084577322006227, 0.051194672807075334, 4.18319223, 2.83348716
0.4712624740600586, 0.0507512067782559, 4.20404277, 2.80325225
0.4717007184028626, 0.05045058098825464, 4.20915089, 2.79686231
0.47210532426834106, 0.05032015374705291, 4.21356889, 2.79087789
0.47252741098403933, 0.05027804112228955, 4.21356889, 2.79087789
0.4729495048522949, 0.05027804112228955, 4.21356889, 2.79087789
0.4733807182312012, 0.05027804112228955, 4.21356889, 2.79087789
0.47420142412185673, 0.04980150711726148, 4.24545704, 2.76562517
0.4746294403076172, 0.04957399308788321, 4.25149345, 2.76446073
0.47507514476776125, 0.049512549946506355, 4.25532822, 2.76301242
0.47550114393234255, 0.04949389071866722, 4.25532822, 2.76301242
0.47595469474792484, 0.04949389071866722, 4.25532822, 2.76301242
0.4763551950454712, 0.04949389071866722, 4.25532822, 2.76301242
0.476772210597992, 0.04949389071866722, 4.25532822, 2.76301242
0.47719129323959353, 0.0494472698156633, 4.28539374, 2.7650806
0.4776332354545594, 0.049229938606127524, 4.28903903, 2.76560199
0.4780548858642579, 0.04919134039276048, 4.29433664, 2.76583952
0.47848140716552734, 0.04917635880961993, 4.29433664, 2.76583952
0.4789082503318787, 0.04917635880961993, 4.29433664, 2.76583952
0.4793637037277222, 0.04917635880961993, 4.29433664, 2.76583952
0.4797877287864686, 0.04917635880961993, 4.29433664, 2.76583952
0.48022387027740476, 0.049170373811404544, 4.31214944, 2.78132484
0.48066622734069825, 0.04925865212610385, 4.31219811, 2.7841056
0.4810832357406617, 0.049292783158038325, 4.31347145, 2.78719339
0.48152728080749513, 0.04930340103360639, 4.31347145, 2.78719339
0.4819464993476868, 0.04930340103360639, 4.31347145, 2.78719339
0.48236883640289313, 0.04930340103360639, 4.31347145, 2.78719339
0.48279593706130985, 0.04930340103360639, 4.31347145, 2.78719339
0.48320189476013187, 0.04933691848145835, 4.31334021, 2.79068672
0.48360456228256227, 0.04945388751478397, 4.31150798, 2.8002108
0.4843852782249451, 0.049530142216969913, 4.30994782, 2.8010624
0.48481980323791507, 0.049530142216969913, 4.30994782, 2.8010624
0.4852840614318848, 0.049530142216969913, 4.30994782, 2.8010624
0.4857275629043579, 0.049530142216969913, 4.30994782, 2.8010624
0.4861689257621766, 0.049546119086586335, 4.30860148, 2.80189663
0.48660748481750493, 0.04953520627797948, 4.30005231, 2.79431908
0.4870282697677613, 0.04950161347925844, 4.29896845, 2.7918975
0.48744936227798463, 0.04947902331064983, 4.29708756, 2.7890704
0.48789573907852174, 0.04947902331064983, 4.29708756, 2.7890704
0.4883165740966797, 0.04947902331064983, 4.29708756, 2.7890704
0.48874877452850346, 0.04947902331064983, 4.29708756, 2.7890704
0.4891864466667176, 0.049463916449744405, 4.29597938, 2.78674152
0.4896134614944458, 0.049389310086445724, 4.2777146, 2.76778605
0.49005943059921264, 0.049338858750666875, 4.26813982, 2.7589977
0.490494134426117, 0.04931896523627069, 4.26813982, 2.7589977
0.4909348034858704, 0.04931896523627069, 4.26813982, 2.7589977
0.49135794162750246, 0.04931896523627069, 4.26813982, 2.7589977
0.49178538560867313, 0.04931896523627069, 4.26813982, 2.7589977
0.49219786643981933, 0.04931309815653785, 4.26197217, 2.75439208
0.49262834310531617, 0.04922990444899718, 4.22259437, 2.72056536
0.49305036544799813, 0.049170100068058414, 4.21430768, 2.71317898
0.4934944820404053, 0.04914115753704752, 4.20555427, 2.70622131
0.493925588130951, 0.04914115753704752, 4.20555427, 2.70622131
0.49439646244049074, 0.04914115753704752, 4.20555427, 2.70622131
0.49481668949127205, 0.04914115753704752, 4.20555427, 2.70622131
0.49528118371963503, 0.049110108152222234, 4.19881299, 2.69866692
0.4957097578048707, 0.0490904872479941, 4.14151547, 2.6614222
0.4961654329299927, 0.04912330405903608, 4.11891527, 2.65006745
0.4965830850601197, 0.04913521439841336, 4.11891527, 2.65006745
0.497014126777649, 0.04913521439841336, 4.11891527, 2.65006745
0.49742409706115726, 0.04913521439841336, 4.11891527, 2.65006745
0.4978773474693298, 0.04913521439841336, 4.11891527, 2.65006745
0.4983216929435731, 0.049159169794919286, 4.1066139, 2.64458125
0.49874258518219, 0.049457319036725025, 4.02253634, 2.61895197
0.49920166492462165, 0.04976396073035967, 3.99110016, 2.61142076
0.4996329426765442, 0.04979574798936824, 3.99110016, 2.61142076
0.50007150888443, 0.04979574798936824, 3.99110016, 2.61142076
0.500513129234314, 0.04979574798936824, 3.99110016, 2.61142076
0.5009380483627319, 0.04979574798936824, 3.99110016, 2.61142076
0.5013682818412781, 0.04987735363793813, 3.97477452, 2.60883118
0.5017806482315064, 0.050359799782325534, 3.88157416, 2.59068676
0.5026047587394714, 0.05086067037730663, 3.84706632, 2.58581465
0.5030490469932556, 0.05086067037730663, 3.84706632, 2.58581465
0.5034758973121644, 0.05086067037730663, 3.84706632, 2.58581465
0.5039262866973877, 0.05086067037730663, 3.84706632, 2.58581465
0.5043453836441041, 0.05097195326428079, 3.82936042, 2.58472552
0.5047799873352051, 0.05153941254419123, 3.73745773, 2.57158646
0.5052254414558411, 0.051987968256313175, 3.70520018, 2.56773975
0.5056364345550538, 0.0520835034147756, 3.70520018, 2.56773975
0.5060494732856751, 0.0520835034147756, 3.70520018, 2.56773975
0.5064688348770142, 0.0520835034147756, 3.70520018, 2.56773975
0.506897222995758, 0.0520835034147756, 3.70520018, 2.56773975
0.5073483347892761, 0.052177559712113505, 3.69008964, 2.56624509
0.5077695274353028, 0.05281018782169892, 3.60186615, 2.5599015
0.5082090020179748, 0.05320893775783414, 3.58773255, 2.55985515
0.508649914264679, 0.05343055384878828, 3.57331214, 2.56016219
0.5090795826911927, 0.05343055384878828, 3.57331214, 2.56016219
0.5095302867889405, 0.05343055384878828, 3.57331214, 2.56016219
0.5099584031105042, 0.05343055384878828, 3.57331214, 2.56016219
0.5104133701324464, 0.05354930259393523, 3.55963051, 2.56154098
0.5108317804336548, 0.05428165801046557, 3.48966222, 2.57393851
0.5112586808204651, 0.054735817045630644, 3.47883843, 2.57700313
0.511675009727478, 0.055005822959305284, 3.46679954, 2.58130172
0.5121161651611328, 0.055005822959305284, 3.46679954, 2.58130172
0.5125483369827271, 0.055005822959305284, 3.46679954, 2.58130172
0.5129760670661927, 0.055005822959305284, 3.46679954, 2.58130172
0.5134027171134949, 0.055156447102698195, 3.45539253, 2.58695592
0.5138508033752441, 0.056052742256849517, 3.39375959, 2.61752683
0.5142752361297608, 0.0566217680176984, 3.38264899, 2.62391677
0.5147225785255433, 0.05693792404807111, 3.37253965, 2.63099611
0.5151337933540344, 0.05693792404807111, 3.37253965, 2.63099611
0.5155464887619019, 0.05693792404807111, 3.37253965, 2.63099611
0.5159915351867677, 0.05693792404807111, 3.37253965, 2.63099611
0.5164532399177552, 0.05711991395930045, 3.35970373, 2.63819131
0.5168908190727234, 0.05821677979007826, 3.29201006, 2.67978097
0.5173096084594727, 0.058909684929507336, 3.2795192, 2.68774088
0.5177450633049012, 0.05929997680679347, 3.26589582, 2.69538795
0.5181587243080139, 0.05929997680679347, 3.26589582, 2.69538795
0.5185851168632507, 0.05929997680679347, 3.26589582, 2.69538795
0.5190103650093079, 0.05929997680679347, 3.26589582, 2.69538795
0.5194267010688782, 0.05947983205450729, 3.25364311, 2.70249046
0.5198343896865845, 0.060648956238546686, 3.18092389, 2.74496069
0.5202590155601502, 0.061377421475894575, 3.16808797, 2.75215589
0.5206908297538757, 0.06169076044157508, 3.1542751, 2.76137293
0.5211195826530457, 0.06180021318510118, 3.1542751, 2.76137293
0.5215610384941101, 0.06180021318510118, 3.1542751, 2.76137293
0.5219758510589599, 0.06180021318510118, 3.1542751, 2.76137293
0.5224084234237671, 0.06202068819669962, 3.13974777, 2.77006858
0.5228275203704834, 0.06322901064038605, 3.06943442, 2.81446216
0.5232496285438538, 0.06397274744888057, 3.05750244, 2.82270594
0.5236711144447327, 0.06426247513932207, 3.04551222, 2.83063688
0.5241122770309449, 0.06435866539965508, 3.04551222, 2.83063688
0.5245336270332337, 0.06435866539965508, 3.04551222, 2.83063688
0.524959990978241, 0.06435866539965508, 3.04551222, 2.83063688
0.5253963613510132, 0.06435866539965508, 3.04551222, 2.83063688
0.5258347129821778, 0.06567727268802005, 2.97840176, 2.88904431
0.5262673354148866, 0.06638420627046121, 2.96898256, 2.89937945
0.5266765546798706, 0.06667827216075728, 2.96038472, 2.91099489
0.5271080040931702, 0.06677706205695064, 2.96038472, 2.91099489
0.5275149559974671, 0.06677706205695064, 2.96038472, 2.91099489
0.5279577136039734, 0.06677706205695064, 2.96038472, 2.91099489
0.5283837699890137, 0.06677706205695064, 2.96038472, 2.91099489
0.5288492512702943, 0.06710720826163573, 2.90275172, 3.00424864
0.5292792558670044, 0.06923286417306203, 2.893595, 3.02170366
0.5297046113014222, 0.06964561497404478, 2.88295111, 3.04068231
0.5301180791854858, 0.06978791936641669, 2.88295111, 3.04068231
0.5305504298210144, 0.06978791936641669, 2.88295111, 3.04068231
0.5310011553764344, 0.06978791936641669, 2.88295111, 3.04068231
0.5314259815216065, 0.06978791936641669, 2.88295111, 3.04068231
0.5318528175354004, 0.07020726089531452, 2.8142805, 3.17042188
0.5322800683975221, 0.0729183166003075, 2.80224161, 3.19146871
0.5326964402198792, 0.07337296593761632, 2.79041654, 3.21172766
0.5331242918968201, 0.07352280265632663, 2.79041654, 3.21172766
0.5335558271408082, 0.07352280265632663, 2.79041654, 3.21172766
0.5339837288856507, 0.07352280265632663, 2.79041654, 3.21172766
0.5344199776649475, 0.07352280265632663, 2.79041654, 3.21172766
0.5348341178894043, 0.07381218620674002, 2.77864014, 3.23099018
0.5352656102180482, 0.07603953103450084, 2.72484192, 3.33543067
0.5357143187522888, 0.07629091404521726, 2.72113838, 3.35006439
0.5361736917495727, 0.07637140448841842, 2.72113838, 3.35006439
0.5366142463684083, 0.07637140448841842, 2.72113838, 3.35006439
0.5370296168327332, 0.07637140448841842, 2.72113838, 3.35006439
0.5374789190292358, 0.07637140448841842, 2.72113838, 3.35006439
0.5379093098640443, 0.07660352960649963, 2.70107529, 3.36500515
0.5383464097976685, 0.07829910153604763, 2.69866943, 3.48654728
0.5387614440917969, 0.07855921137665645, 2.69633656, 3.50500454
0.5391677594184876, 0.0786443511297156, 2.69633656, 3.50500454
0.5396050667762757, 0.0786443511297156, 2.69633656, 3.50500454
0.5400302505493164, 0.0786443511297156, 2.69633656, 3.50500454
0.5404434537887574, 0.0786443511297156, 2.69633656, 3.50500454
0.5408862543106079, 0.07882602757411468, 2.69464516, 3.52588337
0.5416735219955445, 0.08054795522793314, 2.68252369, 3.65163139
0.5420876622200013, 0.08077113556496728, 2.68167799, 3.67041886
0.5424956154823304, 0.08077113556496728, 2.68167799, 3.67041886
0.5429349613189698, 0.08077113556496728, 2.68167799, 3.67041886
0.5433420205116273, 0.08077113556496728, 2.68167799, 3.67041886
0.5437662315368652, 0.08090634790900667, 2.68167799, 3.68866177
0.5441959142684937, 0.08167415621807646, 2.67587974, 3.7768812
0.5446273922920227, 0.08212251207692353, 2.67598665, 3.79079655
0.5450603580474854, 0.082360222317697, 2.67455774, 3.80647305
0.5454780244827271, 0.082360222317697, 2.67455774, 3.80647305
0.5458990812301636, 0.082360222317697, 2.67455774, 3.80647305
0.5463742256164551, 0.082360222317697, 2.67455774, 3.80647305
0.54680566072464, 0.08245316479129933, 2.67421267, 3.81913707
0.5472249722480774, 0.0829414019480522, 2.67845076, 3.88866172
0.547677149772644, 0.08326630486931877, 2.67765372, 3.90265239
0.5481213021278382, 0.08346940268811867, 2.6777363, 3.91751784
0.5485417866706849, 0.08346940268811867, 2.6777363, 3.91751784
0.5489448690414429, 0.08346940268811867, 2.6777363, 3.91751784
0.5493925404548645, 0.08346940268811867, 2.6777363, 3.91751784
0.5498252630233764, 0.083592595679126, 2.67617614, 3.93336234
0.550259873867035, 0.08441985511118419, 2.66437541, 4.03079881
0.5506718897819519, 0.08493966808134457, 2.66273267, 4.04932559
0.5510936760902405, 0.08514978337195085, 2.66117251, 4.06882563
0.5515222001075746, 0.08522059564178323, 2.66117251, 4.06882563
0.5519390797615051, 0.08522059564178323, 2.66117251, 4.06882563
0.5523584198951721, 0.08522059564178323, 2.66117251, 4.06882563
0.5527852845191956, 0.08535985945807072, 2.66119684, 4.09053289
0.553208544254303, 0.08639302271368157, 2.6553256, 4.23566509
0.5536281490325928, 0.08708388705881065, 2.65283716, 4.26621283
0.5540471386909485, 0.08743305947739406, 2.64796719, 4.29920532
0.5544512009620667, 0.0875553710188369, 2.64796719, 4.29920532
0.5548797893524171, 0.0875553710188369, 2.64796719, 4.29920532
0.5552972841262818, 0.0875553710188369, 2.64796719, 4.29920532
0.5557345771789551, 0.0875553710188369, 2.64796719, 4.29920532
0.5565512990951539, 0.09079792340184842, 2.58866712, 4.60105619
0.5569866394996643, 0.09124803585512126, 2.58074982, 4.6423388
0.5574251484870911, 0.0913944341019966, 2.58074982, 4.6423388
0.5578820252418518, 0.0913944341019966, 2.58074982, 4.6423388
0.5583324646949769, 0.0913944341019966, 2.58074982, 4.6423388
0.5587680912017823, 0.0913944341019966, 2.58074982, 4.6423388
0.5592124295234681, 0.09187674263335616, 2.52528453, 4.95148336
0.5596382641792298, 0.094774714773457, 2.51744982, 5.00226688
0.5600759434700013, 0.09523912238241675, 2.5094352, 5.05440602
0.5605215907096863, 0.09539445791959461, 2.5094352, 5.05440602
0.5609395146369934, 0.09539445791959461, 2.5094352, 5.05440602
0.5613901829719544, 0.09539445791959461, 2.5094352, 5.05440602
0.5618274259567262, 0.09539445791959461, 2.5094352, 5.05440602
0.5622490119934083, 0.09587585828632433, 2.50112418, 5.10932013
0.5626571297645568, 0.09900130041506087, 2.43184601, 5.49183604
0.5630952954292298, 0.09955114325076975, 2.41686671, 5.55663341
0.5635259938240051, 0.09973993599671105, 2.41686671, 5.55663341
0.5639792013168335, 0.09973993599671105, 2.41686671, 5.55663341
0.564399471282959, 0.09973993599671105, 2.41686671, 5.55663341
0.5648426651954651, 0.09973993599671105, 2.41686671, 5.55663341
0.5656217360496522, 0.10293423025112047, 2.29879153, 5.96320864
0.5660358047485352, 0.10366029614909808, 2.28354975, 6.01180811
0.5664705300331117, 0.10380152320781544, 2.28354975, 6.01180811
0.5668977737426758, 0.10380152320781544, 2.28354975, 6.01180811
0.5673236012458801, 0.10380152320781544, 2.28354975, 6.01180811
0.5677460026741028, 0.10380152320781544, 2.28354975, 6.01180811
0.5681979656219482, 0.10408830584628273, 2.26746226, 6.06066828
0.5686459088325501, 0.10657357480978027, 2.16613078, 6.30843927
0.5690630531311036, 0.1072049350734478, 2.1294309, 6.38391937
0.5694940233230591, 0.10732991515743995, 2.1294309, 6.38391937
0.5699114751815796, 0.10732991515743995, 2.1294309, 6.38391937
0.5703440403938294, 0.10732991515743995, 2.1294309, 6.38391937
0.5707693028450013, 0.10732991515743995, 2.1294309, 6.38391937
0.5711756396293641, 0.10755908881696041, 2.11289144, 6.41976793
0.5716077971458435, 0.10877656613293282, 2.02927544, 6.59026292
0.5724519348144532, 0.10975604018409038, 2.00839098, 6.63983566
0.5728874683380127, 0.10975604018409038, 2.00839098, 6.63983566
0.5733214712142944, 0.10975604018409038, 2.00839098, 6.63983566
0.5737728691101075, 0.10975604018409038, 2.00839098, 6.63983566
0.5742237877845764, 0.10990169089201068, 1.99780534, 6.66593999
0.5746339869499206, 0.11056055393208124, 1.95429636, 6.77187514
0.5754719305038453, 0.11110385923005628, 1.94067298, 6.79892956
0.5759011840820313, 0.11110385923005628, 1.94067298, 6.79892956
0.5763305950164795, 0.11110385923005628, 1.94067298, 6.79892956
0.576792027950287, 0.11110385923005628, 1.94067298, 6.79892956
0.5772592616081238, 0.11118049341901298, 1.93434976, 6.81128074
0.5776653337478639, 0.11150812830008555, 1.90733157, 6.84752903
0.5780749964714051, 0.11168380772093482, 1.90399743, 6.84990426
0.5784912610054016, 0.11171100568312499, 1.90338988, 6.85132939
0.5789541101455689, 0.11171100568312499, 1.90338988, 6.85132939
0.579385108947754, 0.11171100568312499, 1.90338988, 6.85132939
0.5798192048072816, 0.11171100568312499, 1.90338988, 6.85132939
0.5802542018890382, 0.11172420129261461, 1.90166457, 6.8512367
0.5806909942626953, 0.11155632432856724, 1.91969119, 6.83534585
0.5811166715621948, 0.11141084984364116, 1.92599008, 6.83109361
0.5815332293510437, 0.11127869765758183, 1.93296951, 6.8245125
0.5819533634185792, 0.11127869765758183, 1.93296951, 6.8245125
0.5823760938644409, 0.11127869765758183, 1.93296951, 6.8245125
0.5827907776832582, 0.11127869765758183, 1.93296951, 6.8245125
0.5832212471961975, 0.1112041604751135, 1.94054174, 6.81740999
0.5836383557319642, 0.11064480073144128, 1.99402881, 6.77040365
0.584060184955597, 0.11028364316311226, 2.00375917, 6.75983679
0.5844891166687012, 0.11013009904599014, 2.01395108, 6.7494553
0.5849281120300294, 0.1100783549854566, 2.01395108, 6.7494553
0.5853840446472168, 0.1100783549854566, 2.01395108, 6.7494553
0.5858059239387512, 0.1100783549854566, 2.01395108, 6.7494553
0.5862480664253236, 0.10997422458122569, 2.02397783, 6.73833808
0.5866552901268005, 0.10926467460611393, 2.08500322, 6.6630144
0.5870605397224427, 0.10882270803814416, 2.09479182, 6.64817213
0.5874741864204407, 0.10863891493135167, 2.10656823, 6.63413511
0.5879085540771485, 0.10857532442332335, 2.10656823, 6.63413511
0.5883391880989075, 0.10857532442332335, 2.10656823, 6.63413511
0.5887767171859741, 0.10857532442332335, 2.10656823, 6.63413511
0.5895491003990173, 0.10839959281061412, 2.16941626, 6.53173384
0.5899945616722106, 0.10734142058335562, 2.17637136, 6.5150609
0.590435266494751, 0.10718301806367019, 2.18465805, 6.49871817
0.5908583331108094, 0.10712854016931118, 2.18465805, 6.49871817
0.5912757062911987, 0.10712854016931118, 2.18465805, 6.49871817
0.5917076778411865, 0.10712854016931118, 2.18465805, 6.49871817
0.5921226835250855, 0.10712854016931118, 2.18465805, 6.49871817
0.592543067932129, 0.10703263386034235, 2.19106384, 6.48183089
0.5929744458198548, 0.10621407949315503, 2.21990468, 6.36945366
0.5933981919288636, 0.1061180729160845, 2.22111977, 6.35154676
0.5938150787353516, 0.1060880966731309, 2.22111977, 6.35154676
0.5942458987236023, 0.1060880966731309, 2.22111977, 6.35154676
0.5946692514419556, 0.1060880966731309, 2.22111977, 6.35154676
0.5951096343994141, 0.1060880966731309, 2.22111977, 6.35154676
0.5955622625350953, 0.10601898807309612, 2.22308324, 6.33263763
0.5962962579727173, 0.10554822304311273, 2.21191439, 6.1999551
0.596710798740387, 0.1054776378180305, 2.20974668, 6.17784231
0.5971279573440552, 0.1054776378180305, 2.20974668, 6.17784231
0.597554271221161, 0.1054776378180305, 2.20974668, 6.17784231
0.5979688906669617, 0.1054776378180305, 2.20974668, 6.17784231
0.5984281921386719, 0.10543428755849242, 2.20669936, 6.1546346
0.5988626313209534, 0.10518346356020203, 2.18212094, 6.01031346
0.5992937231063843, 0.10504440256134052, 2.17494244, 5.98256964
0.5997217392921448, 0.10497787061138855, 2.1698439, 5.95097911
0.6001625370979309, 0.10495072627756277, 2.1698439, 5.95097911
0.600591425895691, 0.10495072627756277, 2.1698439, 5.95097911
0.6010180115699768, 0.10495072627756277, 2.1698439, 5.95097911
0.6014483809471131, 0.10492150464126862, 2.16298613, 5.92278342
0.6018600177764892, 0.10459696737827903, 2.13715871, 5.75525457
0.6022864246368409, 0.10437557791647642, 2.13271638, 5.72295148
0.6027071166038513, 0.10426801084228329, 2.12911017, 5.69069473
0.6031665396690369, 0.10423083386503207, 2.12911017, 5.69069473
0.603585729598999, 0.10423083386503207, 2.12911017, 5.69069473
0.6040273499488831, 0.10423083386503207, 2.12911017, 5.69069473
0.6044623613357544, 0.10414967776522288, 2.12665565, 5.65969511
0.6049077653884888, 0.10360492810958692, 2.11516606, 5.48212078
0.6053239440917969, 0.1032255084516709, 2.11617692, 5.44865325
0.605743534564972, 0.10304183043689678, 2.1168088, 5.41663402
0.6062007689476013, 0.1029818248932723, 2.1168088, 5.41663402
0.6066441059112548, 0.1029818248932723, 2.1168088, 5.41663402
0.6070913410186768, 0.1029818248932723, 2.1168088, 5.41663402
0.6075220823287963, 0.10283834253327617, 2.11823772, 5.38050739
0.6079694890975953, 0.1019413384748771, 2.13581237, 5.20397584
0.6083804607391358, 0.10137493774369111, 2.13900568, 5.17219414
0.6087940001487733, 0.10102703885928091, 2.1447796, 5.14019808
0.6092005944252015, 0.10102703885928091, 2.1447796, 5.14019808
0.6096541237831116, 0.10102703885928091, 2.1447796, 5.14019808
0.6100990843772889, 0.10102703885928091, 2.1447796, 5.14019808
0.6105237030982972, 0.10084315767636359, 2.15036403, 5.10739677
0.6109596872329712, 0.09965142869684322, 2.18656327, 4.92675782
0.611392924785614, 0.09890312430860404, 2.19286216, 4.8951615
0.6118412470817567, 0.09848634391404396, 2.20019623, 4.8632871
0.6122768092155457, 0.09848634391404396, 2.20019623, 4.8632871
0.6126916790008545, 0.09848634391404396, 2.20019623, 4.8632871
0.613124487400055, 0.09848634391404396, 2.20019623, 4.8632871
0.613567430973053, 0.09828699488076802, 2.20596057, 4.83119836
0.6139850687980652, 0.09699583163622029, 2.24200423, 4.65162536
0.6144289493560791, 0.09620009989377004, 2.24660213, 4.61986683
0.6148427891731263, 0.09590412380222235, 2.25038825, 4.5876854
0.6152707052230835, 0.09580613260107235, 2.25038825, 4.5876854
0.6156939935684205, 0.09580613260107235, 2.25038825, 4.5876854
0.61610995054245, 0.09580613260107235, 2.25038825, 4.5876854
0.6165421438217163, 0.09560151916416694, 2.25391188, 4.5536675
0.6169900941848756, 0.09434263735533169, 2.27060691, 4.36357399
0.6174182176589966, 0.09355175564282361, 2.27376115, 4.3303208
0.617888126373291, 0.09312892089860121, 2.27664331, 4.29728197
0.6183123230934143, 0.09312892089860121, 2.27664331, 4.29728197
0.6187420129776001, 0.09312892089860121, 2.27664331, 4.29728197
0.6191688275337219, 0.09312892089860121, 2.27664331, 4.29728197
0.6195960068702698, 0.09290414714420522, 2.28023994, 4.26355373
0.6200357031822205, 0.09137254929728413, 2.30622294, 4.0666184
0.6204823660850526, 0.09039179207268935, 2.3121281, 4.0324383
0.6209208464622498, 0.08997266284775503, 2.31842698, 3.99744714
0.6213498568534852, 0.08983088617022117, 2.31842698, 3.99744714
0.6217873001098633, 0.08983088617022117, 2.31842698, 3.99744714
0.6222098445892335, 0.08983088617022117, 2.31842698, 3.99744714
0.6226234126091004, 0.08956453660528271, 2.32422523, 3.96486018
0.6230422735214234, 0.08788149835414591, 2.35838801, 3.78464413
0.6234848666191102, 0.0868276555945961, 2.36423492, 3.75319844
0.6239082908630371, 0.08639778210207247, 2.37140384, 3.72260435
0.6243436098098755, 0.08625257311211465, 2.37140384, 3.72260435
0.6247771048545838, 0.08625257311211465, 2.37140384, 3.72260435
0.6252159571647644, 0.08625257311211465, 2.37140384, 3.72260435
0.6256372213363648, 0.08611726777171094, 2.37746457, 3.69350491
0.6260531997680665, 0.0841693380134931, 2.42221299, 3.53143908
0.6265002918243409, 0.08302188301740283, 2.43179735, 3.50476702
0.6269462323188782, 0.08255546227545714, 2.44137213, 3.47797329
0.6273617959022523, 0.08239945076883055, 2.44137213, 3.47797329
0.6277936744689943, 0.08239945076883055, 2.44137213, 3.47797329
0.6282124996185303, 0.08239945076883055, 2.44137213, 3.47797329
0.6286358666419983, 0.08239945076883055, 2.44137213, 3.47797329
0.6290841889381409, 0.08021554474437294, 2.5136637, 3.32284197
0.6294858765602112, 0.07901876152604241, 2.52721408, 3.30213114
0.6299247217178345, 0.07852476590355861, 2.54018125, 3.27935213
0.6303650116920472, 0.07835803565116975, 2.54018125, 3.27935213
0.6307979416847229, 0.07835803565116975, 2.54018125, 3.27935213
0.6312300777435303, 0.07835803565116975, 2.54018125, 3.27935213
0.631665267944336, 0.07835803565116975, 2.54018125, 3.27935213
0.6321246266365051, 0.07572890980138458, 2.64868165, 3.1327021
0.6325369215011597, 0.07431403793797851, 2.6668056, 3.11374663
0.6329618835449219, 0.07375689677333802, 2.6858335, 3.09474481
0.6333711099624634, 0.07356944374901052, 2.6858335, 3.09474481
0.6338066864013673, 0.07356944374901052, 2.6858335, 3.09474481
0.6342452740669251, 0.07356944374901052, 2.6858335, 3.09474481
0.6346890902519227, 0.07356944374901052, 2.6858335, 3.09474481
0.6351099538803101, 0.07098395008476191, 2.81148091, 2.97704939
0.6355514383316041, 0.06959640739408908, 2.83079563, 2.9599014
0.6359843325614929, 0.06905808388386561, 2.84900216, 2.94194236
0.6364457225799561, 0.06887921129752479, 2.84900216, 2.94194236
0.6368799901008606, 0.06887921129752479, 2.84900216, 2.94194236
0.6373061680793762, 0.06887921129752479, 2.84900216, 2.94194236
0.6377401423454285, 0.06887921129752479, 2.84900216, 2.94194236
0.638171856403351, 0.06615814105755162, 2.98043823, 2.81612482
0.6386067247390748, 0.06467835928951797, 3.00110887, 2.79762122
0.6390099000930787, 0.06413208078983267, 3.02013677, 2.78075711
0.6394508695602418, 0.0639554600071458, 3.02013677, 2.78075711
0.6398561620712281, 0.0639554600071458, 3.02013677, 2.78075711
0.6402983474731446, 0.0639554600071458, 3.02013677, 2.78075711
0.6407208061218262, 0.0639554600071458, 3.02013677, 2.78075711
0.6411332869529724, 0.0635845823541699, 3.04085607, 2.76367864
0.641563413143158, 0.06007844247847659, 3.16559953, 2.64978358
0.6420185017585756, 0.05953937951222482, 3.18475867, 2.6322069
0.6424425554275512, 0.059360659205329555, 3.18475867, 2.6322069
0.6428879594802857, 0.059360659205329555, 3.18475867, 2.6322069
0.6433294439315796, 0.059360659205329555, 3.18475867, 2.6322069
0.6437931442260743, 0.059360659205329555, 3.18475867, 2.6322069
0.6442182135581971, 0.0572837078697443, 3.31937331, 2.51360773
0.6446477746963502, 0.055353301772056863, 3.33890185, 2.49652927
0.645059096813202, 0.0548135413177572, 3.36073892, 2.4796188
0.6454757046699524, 0.054630946042406134, 3.36073892, 2.4796188
0.6459100151062012, 0.054630946042406134, 3.36073892, 2.4796188
0.6463288474082948, 0.054630946042406134, 3.36073892, 2.4796188
0.6467579936981201, 0.054630946042406134, 3.36073892, 2.4796188
0.6471936917304993, 0.05431536047851246, 3.37912536, 2.46455639
0.6476119375228883, 0.05160757819148272, 3.47801706, 2.38189847
0.648043065071106, 0.05094099547129047, 3.51075092, 2.35698175
0.6484764814376831, 0.050813815240510526, 3.51075092, 2.35698175
0.6488875102996826, 0.050813815240510526, 3.51075092, 2.35698175
0.6493006491661072, 0.050813815240510526, 3.51075092, 2.35698175
0.6497285795211792, 0.050813815240510526, 3.51075092, 2.35698175
0.6501422476768494, 0.05055597676341975, 3.52596837, 2.34424821